0	165	82.0
0	166	52.0
1	166	94.0
1	167	74.0
2	167	66.0
2	168	84.0
3	168	30.0
3	169	153.0
3	176	26.0
3	177	44.0
3	178	19.0
3	179	29.0
4	0	29.0
4	170	126.0
4	177	28.0
4	178	42.0
4	179	129.0
4	180	52.0
4	181	19.0
5	0	87.0
5	180	9.0
5	181	33.0
5	182	84.0
5	183	105.0
5	184	29.0
6	0	61.0
6	1	16.0
6	183	39.0
6	184	25.0
6	185	37.0
6	186	75.0
6	187	94.0
6	188	50.0
7	0	6.0
7	1	79.0
7	187	36.0
7	188	128.0
7	189	110.0
7	190	43.0
7	191	20.0
8	1	82.0
8	2	37.0
8	191	43.0
8	192	47.0
8	193	71.0
8	194	57.0
8	245	44.0
9	2	78.0
9	194	18.0
9	195	51.0
9	196	111.0
9	197	52.0
10	2	47.0
10	3	58.0
10	198	49.0
10	199	61.0
10	200	57.0
11	3	218.0
11	4	15.0
12	3	43.0
12	4	69.0
13	4	125.0
14	5	61.0
15	5	84.0
15	6	19.0
15	210	12.0
15	211	9.0
16	6	112.0
16	144	12.0
16	210	33.0
16	211	41.0
16	212	30.0
16	213	24.0
16	214	28.0
16	215	23.0
17	6	47.0
17	7	30.0
17	142	10.0
17	143	23.0
17	214	6.0
17	215	21.0
17	216	26.0
17	217	41.0
17	218	64.0
17	219	43.0
17	220	36.0
17	221	18.0
17	222	7.0
18	7	112.0
18	141	14.0
18	173	8.0
18	221	22.0
18	222	46.0
18	223	80.0
18	224	57.0
18	225	48.0
18	226	41.0
18	227	22.0
19	7	38.0
19	140	36.0
19	173	39.0
19	227	21.0
19	228	43.0
19	229	74.0
19	230	45.0
19	231	59.0
19	232	64.0
19	233	29.0
20	138	19.0
20	139	38.0
20	173	42.0
20	174	62.0
20	233	19.0
20	234	38.0
20	235	60.0
20	236	49.0
20	237	46.0
20	238	58.0
20	239	44.0
21	8	25.0
21	137	5.0
21	138	24.0
21	141	25.0
21	142	16.0
21	174	67.0
21	175	32.0
21	240	33.0
21	241	64.0
21	242	55.0
21	243	122.0
21	244	69.0
21	245	41.0
22	136	14.0
22	140	71.0
22	141	155.0
22	142	66.0
22	174	29.0
22	175	123.0
22	176	8.0
22	244	27.0
22	246	40.0
22	247	43.0
22	248	41.0
23	5	325.0
23	135	14.0
23	139	54.0
23	140	163.0
23	141	96.0
23	142	10.0
23	175	51.0
23	242	38.0
23	243	41.0
24	4	185.0
24	5	932.0
24	133	24.0
24	134	34.0
24	138	81.0
24	139	152.0
24	140	50.0
24	176	46.0
24	240	51.0
24	241	89.0
24	242	51.0
25	3	86.0
25	4	920.0
25	5	44.0
25	132	20.0
25	137	110.0
25	138	158.0
25	139	26.0
25	176	41.0
25	177	10.0
25	238	20.0
25	239	154.0
25	240	70.0
26	2	50.0
26	3	763.0
26	4	117.0
26	131	11.0
26	135	14.0
26	136	139.0
26	137	137.0
26	138	3.0
26	177	65.0
26	237	33.0
26	238	67.0
26	239	10.0
27	1	43.0
27	2	780.0
27	3	176.0
27	134	55.0
27	135	207.0
27	136	101.0
27	177	31.0
27	178	11.0
27	235	22.0
27	236	50.0
27	237	53.0
28	0	20.0
28	1	609.0
28	2	241.0
28	20	11.0
28	133	96.0
28	134	257.0
28	135	104.0
28	178	42.0
28	234	49.0
28	235	22.0
28	236	18.0
29	0	516.0
29	1	224.0
29	132	131.0
29	133	200.0
29	134	55.0
29	178	23.0
29	179	21.0
29	232	39.0
29	233	38.0
29	236	4.0
30	0	194.0
30	131	205.0
30	132	212.0
30	133	2.0
30	179	59.0
30	230	23.0
30	231	45.0
31	129	5.0
31	130	204.0
31	131	143.0
31	179	8.0
31	180	23.0
31	228	17.0
31	229	47.0
31	230	19.0
31	235	16.0
32	62	19.0
32	63	64.0
32	64	52.0
32	128	22.0
32	129	321.0
32	130	108.0
32	180	57.0
32	181	124.0
32	227	48.0
32	228	29.0
32	234	30.0
33	60	35.0
33	61	119.0
33	62	188.0
33	63	109.0
33	64	32.0
33	113	40.0
33	127	31.0
33	128	352.0
33	129	65.0
33	180	19.0
33	181	54.0
33	225	26.0
33	226	25.0
33	227	9.0
33	234	21.0
33	235	32.0
34	58	4.0
34	59	107.0
34	60	267.0
34	61	184.0
34	62	67.0
34	126	51.0
34	127	356.0
34	128	33.0
34	181	39.0
34	223	32.0
34	224	55.0
34	225	10.0
34	236	51.0
35	56	33.0
35	57	115.0
35	58	179.0
35	59	138.0
35	60	42.0
35	125	99.0
35	126	255.0
35	182	96.0
35	221	5.0
35	222	31.0
35	223	26.0
36	54	6.0
36	55	124.0
36	56	278.0
36	57	167.0
36	58	10.0
36	124	140.0
36	125	319.0
36	182	68.0
36	220	19.0
36	221	25.0
36	233	62.0
36	234	40.0
36	241	114.0
36	242	128.0
36	243	9.0
37	53	152.0
37	54	253.0
37	55	136.0
37	56	7.0
37	123	138.0
37	124	160.0
37	183	47.0
37	233	70.0
37	234	38.0
37	241	126.0
37	242	275.0
37	243	58.0
38	51	144.0
38	52	222.0
38	53	128.0
38	183	37.0
38	233	93.0
38	234	30.0
38	241	53.0
38	242	304.0
38	243	159.0
39	49	207.0
39	50	229.0
39	51	67.0
39	233	113.0
39	234	26.0
39	242	216.0
39	243	252.0
40	47	8.0
40	48	179.0
40	49	59.0
40	202	19.0
40	233	118.0
40	234	11.0
40	242	78.0
40	243	319.0
40	244	65.0
41	211	44.0
41	233	131.0
41	242	4.0
41	243	291.0
41	244	221.0
42	211	53.0
42	232	22.0
42	233	171.0
42	243	146.0
42	244	346.0
42	245	23.0
43	82	13.0
43	211	53.0
43	233	120.0
43	243	20.0
43	244	377.0
43	245	140.0
44	211	60.0
44	212	11.0
44	229	73.0
44	233	118.0
44	244	209.0
44	245	303.0
45	211	57.0
45	212	28.0
45	228	99.0
45	233	126.0
45	244	55.0
45	245	378.0
45	246	45.0
46	211	51.0
46	212	48.0
46	227	34.0
46	228	43.0
46	233	122.0
46	245	297.0
46	246	178.0
47	94	22.0
47	95	24.0
47	96	26.0
47	97	44.0
47	211	73.0
47	212	96.0
47	226	51.0
47	227	18.0
47	232	9.0
47	233	116.0
47	245	101.0
47	246	366.0
47	247	3.0
48	90	16.0
48	91	12.0
48	92	38.0
48	93	19.0
48	99	17.0
48	100	3.0
48	211	120.0
48	212	135.0
48	225	50.0
48	226	83.0
48	232	15.0
48	233	75.0
48	245	5.0
48	246	360.0
48	247	73.0
49	84	16.0
49	86	11.0
49	87	12.0
49	99	20.0
49	212	106.0
49	224	100.0
49	225	72.0
49	232	38.0
49	233	67.0
49	246	135.0
49	247	248.0
50	82	9.0
50	83	17.0
50	84	19.0
50	98	29.0
50	115	29.0
50	116	25.0
50	212	55.0
50	224	124.0
50	232	64.0
50	233	42.0
50	246	13.0
50	247	434.0
50	248	24.0
51	114	73.0
51	115	112.0
51	212	66.0
51	221	22.0
51	222	28.0
51	223	160.0
51	232	137.0
51	233	11.0
51	247	220.0
51	248	161.0
52	212	88.0
52	222	74.0
52	232	84.0
52	247	19.0
52	248	349.0
53	212	109.0
53	221	54.0
53	222	47.0
53	223	76.0
53	248	296.0
53	249	80.0
54	212	46.0
54	213	12.0
54	220	26.0
54	221	14.0
54	223	118.0
54	248	46.0
54	249	321.0
55	213	8.0
55	219	20.0
55	220	30.0
55	249	394.0
55	250	22.0
56	219	36.0
56	249	87.0
56	250	252.0
57	218	40.0
57	250	386.0
58	217	48.0
58	250	235.0
58	251	103.0
59	216	184.0
59	217	4.0
59	251	296.0
60	215	61.0
60	216	52.0
61	214	23.0
61	215	17.0
62	213	19.0
62	214	29.0
63	212	11.0
63	213	51.0
64	88	40.0
64	89	12.0
64	212	55.0
64	243	16.0
65	87	15.0
65	88	129.0
65	89	33.0
65	211	44.0
66	87	35.0
66	88	145.0
66	210	44.0
67	87	82.0
67	88	121.0
67	209	45.0
67	210	6.0
68	0	20.0
68	87	156.0
68	88	67.0
68	208	34.0
68	209	18.0
68	236	17.0
68	237	18.0
69	0	19.0
69	86	7.0
69	87	281.0
69	88	31.0
69	207	24.0
69	208	28.0
70	0	7.0
70	1	22.0
70	86	30.0
70	87	218.0
70	206	29.0
70	207	38.0
71	1	40.0
71	86	113.0
71	87	147.0
71	205	30.0
71	206	55.0
72	86	176.0
72	87	42.0
72	204	25.0
72	205	57.0
73	2	18.0
73	86	222.0
73	203	10.0
73	204	49.0
74	2	17.0
74	85	8.0
74	86	189.0
74	202	10.0
74	203	48.0
75	3	25.0
75	85	98.0
75	86	108.0
75	202	48.0
76	3	6.0
76	85	199.0
76	200	8.0
76	201	33.0
76	202	3.0
77	85	200.0
77	200	41.0
77	201	19.0
78	85	188.0
78	199	46.0
78	200	24.0
79	84	103.0
79	85	124.0
79	199	22.0
80	249	8.0
81	248	20.0
81	249	38.0
81	250	45.0
81	251	56.0
81	252	62.0
81	253	64.0
81	254	54.0
81	255	55.0
83	64	22.0
84	63	56.0
84	64	203.0
84	65	81.0
85	63	120.0
85	64	438.0
85	65	156.0
86	63	149.0
86	64	532.0
86	65	144.0
86	189	15.0
86	190	12.0
87	63	144.0
87	64	571.0
87	65	117.0
87	189	48.0
87	190	16.0
88	63	148.0
88	64	565.0
88	65	78.0
88	188	26.0
88	189	45.0
88	196	100.0
88	197	214.0
88	198	21.0
89	63	140.0
89	64	521.0
89	65	59.0
89	188	73.0
89	196	595.0
89	197	1009.0
89	198	728.0
89	199	254.0
89	200	25.0
90	63	121.0
90	64	546.0
90	65	30.0
90	187	30.0
90	188	36.0
90	196	72.0
90	197	436.0
90	198	695.0
90	199	818.0
90	200	692.0
90	201	374.0
90	202	96.0
90	203	2.0
91	63	87.0
91	64	510.0
91	65	12.0
91	131	29.0
91	187	81.0
91	197	1.0
91	198	14.0
91	199	81.0
91	200	315.0
91	201	551.0
91	202	719.0
91	203	596.0
91	204	327.0
91	205	54.0
91	239	33.0
92	63	76.0
92	64	542.0
92	65	3.0
92	105	15.0
92	106	9.0
92	107	15.0
92	108	30.0
92	109	75.0
92	130	16.0
92	131	58.0
92	186	58.0
92	187	40.0
92	202	30.0
92	203	197.0
92	204	404.0
92	205	604.0
92	206	500.0
92	207	263.0
92	208	47.0
92	239	28.0
93	63	47.0
93	64	553.0
93	105	4.0
93	110	31.0
93	186	111.0
93	205	4.0
93	206	115.0
93	207	407.0
93	208	579.0
93	209	467.0
93	210	185.0
93	211	7.0
94	63	38.0
94	64	515.0
94	105	22.0
94	185	69.0
94	186	20.0
94	209	121.0
94	210	373.0
94	211	486.0
94	212	406.0
94	213	85.0
95	63	16.0
95	64	524.0
95	105	15.0
95	106	10.0
95	185	61.0
95	212	163.0
95	213	487.0
95	214	534.0
95	215	288.0
95	216	28.0
96	64	505.0
96	102	27.0
96	106	34.0
96	184	88.0
96	214	29.0
96	215	226.0
96	216	435.0
96	217	325.0
96	218	100.0
97	64	303.0
97	106	26.0
97	107	40.0
97	108	91.0
97	109	12.0
97	184	84.0
97	217	59.0
97	218	305.0
97	219	416.0
97	220	282.0
97	221	14.0
98	182	3.0
98	183	133.0
98	219	13.0
98	220	269.0
98	221	471.0
98	222	340.0
98	223	40.0
99	112	7.0
99	182	19.0
99	183	21.0
99	222	98.0
99	223	389.0
99	224	317.0
99	225	4.0
100	112	23.0
100	113	27.0
100	183	48.0
100	209	12.0
100	224	220.0
100	225	433.0
100	226	187.0
101	112	14.0
101	113	58.0
101	183	20.0
101	184	41.0
101	207	16.0
101	226	292.0
101	227	394.0
101	228	51.0
102	113	78.0
102	184	61.0
102	185	3.0
102	205	6.0
102	206	9.0
102	227	41.0
102	228	380.0
102	229	378.0
103	113	77.0
103	185	54.0
103	204	13.0
103	229	100.0
103	230	441.0
103	231	173.0
104	113	61.0
104	114	9.0
104	185	48.0
104	186	37.0
104	202	11.0
104	231	216.0
104	232	389.0
104	233	39.0
105	113	44.0
105	114	20.0
105	186	105.0
105	200	8.0
105	233	348.0
105	234	227.0
106	113	21.0
106	114	30.0
106	186	13.0
106	187	29.0
106	198	10.0
106	199	28.0
106	234	77.0
106	235	213.0
107	114	79.0
107	187	62.0
107	196	14.0
107	197	52.0
107	198	23.0
108	113	22.0
108	114	160.0
108	188	63.0
108	196	35.0
108	197	38.0
109	113	14.0
109	114	129.0
109	188	37.0
109	189	10.0
109	194	13.0
110	62	8.0
110	114	73.0
110	145	152.0
110	189	62.0
110	193	11.0
110	223	9.0
110	224	28.0
110	225	28.0
110	226	42.0
110	227	33.0
110	228	28.0
110	229	64.0
110	230	73.0
110	231	57.0
110	232	37.0
110	233	40.0
110	234	77.0
110	235	47.0
110	236	104.0
110	237	29.0
110	238	26.0
110	239	26.0
110	240	69.0
110	241	39.0
110	242	25.0
111	114	44.0
111	115	17.0
111	145	52.0
111	146	18.0
111	178	58.0
111	189	10.0
111	191	16.0
111	201	8.0
111	202	17.0
111	203	27.0
111	204	40.0
111	205	30.0
111	206	49.0
111	207	54.0
111	208	52.0
111	209	66.0
111	210	41.0
111	211	41.0
111	212	38.0
111	213	44.0
111	214	43.0
111	215	45.0
111	216	52.0
111	217	33.0
111	218	37.0
111	219	54.0
111	220	109.0
111	221	48.0
111	222	41.0
111	223	40.0
111	224	34.0
111	229	32.0
112	114	36.0
112	115	80.0
112	145	116.0
112	177	14.0
112	178	30.0
112	179	26.0
112	180	70.0
112	181	43.0
112	182	28.0
112	183	29.0
112	184	39.0
112	185	33.0
112	186	44.0
112	187	31.0
112	188	18.0
112	189	58.0
112	190	44.0
112	191	24.0
112	192	31.0
112	193	40.0
112	194	30.0
112	195	52.0
112	196	38.0
112	197	65.0
112	198	31.0
112	199	42.0
112	200	33.0
112	201	31.0
112	202	23.0
112	203	15.0
112	204	9.0
112	229	26.0
113	115	78.0
113	145	7.0
113	146	22.0
113	159	5.0
113	160	18.0
113	161	19.0
113	162	28.0
113	163	37.0
113	164	38.0
113	165	57.0
113	166	82.0
113	167	88.0
113	168	46.0
113	169	29.0
113	170	34.0
113	171	42.0
113	172	42.0
113	173	41.0
113	174	41.0
113	175	41.0
113	176	38.0
113	177	71.0
113	178	58.0
113	179	17.0
113	180	19.0
113	181	24.0
113	182	5.0
113	188	13.0
113	196	36.0
113	197	66.0
114	115	71.0
114	140	12.0
114	141	19.0
114	142	80.0
114	143	62.0
114	144	36.0
114	145	33.0
114	146	67.0
114	147	71.0
114	148	37.0
114	149	49.0
114	150	57.0
114	151	48.0
114	152	48.0
114	153	45.0
114	154	44.0
114	155	46.0
114	156	25.0
114	157	21.0
114	158	34.0
114	159	19.0
114	160	11.0
114	186	20.0
114	187	30.0
114	196	56.0
114	197	105.0
115	115	68.0
115	123	12.0
115	124	14.0
115	125	24.0
115	126	35.0
115	127	37.0
115	128	28.0
115	129	40.0
115	130	37.0
115	131	46.0
115	132	54.0
115	133	43.0
115	134	50.0
115	135	28.0
115	136	42.0
115	137	47.0
115	138	39.0
115	139	22.0
115	140	26.0
115	141	27.0
115	142	33.0
115	143	27.0
115	184	19.0
115	185	20.0
115	196	45.0
115	197	88.0
116	101	6.0
116	104	9.0
116	105	7.0
116	106	28.0
116	107	35.0
116	108	78.0
116	109	109.0
116	110	40.0
116	111	38.0
116	112	34.0
116	113	38.0
116	114	40.0
116	115	95.0
116	116	46.0
116	117	42.0
116	118	35.0
116	119	35.0
116	120	33.0
116	121	23.0
116	122	31.0
116	123	28.0
116	124	18.0
116	125	13.0
116	126	17.0
116	127	6.0
116	183	11.0
116	184	15.0
116	196	77.0
116	197	114.0
117	83	10.0
117	86	11.0
117	87	19.0
117	88	33.0
117	89	26.0
117	90	36.0
117	91	125.0
117	92	74.0
117	93	30.0
117	94	31.0
117	95	35.0
117	96	38.0
117	97	46.0
117	98	41.0
117	99	43.0
117	100	42.0
117	101	54.0
117	102	26.0
117	103	31.0
117	104	21.0
117	105	17.0
117	106	28.0
117	107	29.0
117	108	42.0
117	109	50.0
117	115	43.0
117	116	18.0
117	138	38.0
117	182	16.0
117	196	59.0
117	197	73.0
118	78	52.0
118	79	38.0
118	80	22.0
118	81	34.0
118	82	32.0
118	83	39.0
118	84	24.0
118	85	17.0
118	86	23.0
118	87	30.0
118	88	37.0
118	89	21.0
118	90	25.0
118	91	73.0
118	92	49.0
118	116	59.0
118	124	33.0
118	138	65.0
118	139	40.0
118	180	15.0
118	196	69.0
118	197	56.0
119	78	21.0
119	116	84.0
119	124	41.0
119	125	20.0
119	139	25.0
119	179	9.0
119	196	80.0
119	197	56.0
120	81	46.0
120	82	10.0
120	116	72.0
120	124	6.0
120	125	56.0
120	177	14.0
120	196	111.0
120	197	46.0
121	116	117.0
121	117	21.0
121	125	43.0
121	126	47.0
121	175	20.0
121	176	15.0
121	196	168.0
121	197	44.0
122	0	45.0
122	1	35.0
122	10	96.0
122	11	28.0
122	116	58.0
122	126	117.0
122	127	12.0
122	173	16.0
122	174	30.0
122	196	154.0
122	197	15.0
123	2	31.0
123	3	44.0
123	4	46.0
123	5	27.0
123	10	89.0
123	116	11.0
123	126	25.0
123	127	63.0
123	172	13.0
123	196	160.0
124	5	36.0
124	6	61.0
124	7	175.0
124	8	55.0
124	9	9.0
124	127	67.0
124	128	21.0
124	170	2.0
124	171	11.0
124	196	134.0
125	6	40.0
125	7	38.0
125	8	24.0
125	9	101.0
125	10	88.0
125	11	68.0
125	12	15.0
125	128	129.0
125	169	19.0
125	196	113.0
126	8	35.0
126	9	26.0
126	12	33.0
126	13	50.0
126	14	73.0
126	15	40.0
126	128	52.0
126	129	82.0
126	167	25.0
126	168	18.0
127	15	15.0
127	16	32.0
127	17	42.0
127	18	47.0
127	19	12.0
127	129	150.0
127	165	24.0
127	166	25.0
127	209	29.0
127	210	75.0
128	19	32.0
128	20	76.0
128	21	63.0
128	22	35.0
128	129	12.0
128	130	82.0
128	164	19.0
128	165	14.0
128	208	12.0
128	209	119.0
128	210	46.0
128	211	8.0
129	22	32.0
129	23	55.0
129	24	44.0
129	25	41.0
129	26	12.0
129	34	16.0
129	130	50.0
129	131	18.0
129	161	5.0
129	162	19.0
129	163	49.0
129	166	8.0
129	209	20.0
129	210	33.0
129	211	36.0
130	26	28.0
130	27	47.0
130	28	68.0
130	29	35.0
130	35	23.0
130	131	97.0
130	157	79.0
130	158	69.0
130	161	153.0
130	162	66.0
130	167	36.0
130	168	30.0
130	209	7.0
130	210	31.0
131	29	35.0
131	30	51.0
131	31	87.0
131	32	33.0
131	33	9.0
131	36	37.0
131	124	8.0
131	131	38.0
131	132	93.0
131	156	4.0
131	157	123.0
131	158	64.0
131	159	34.0
131	160	25.0
131	169	12.0
131	170	17.0
132	32	4.0
132	33	40.0
132	34	78.0
132	35	89.0
132	36	19.0
132	37	33.0
132	132	95.0
132	156	11.0
132	157	170.0
132	158	56.0
132	172	34.0
132	173	34.0
132	180	57.0
132	181	29.0
133	35	16.0
133	36	24.0
133	37	35.0
133	38	84.0
133	39	31.0
133	133	86.0
133	156	46.0
133	157	231.0
133	158	11.0
133	173	32.0
133	174	32.0
133	179	37.0
133	180	24.0
133	181	53.0
134	39	48.0
134	40	45.0
134	41	51.0
134	42	32.0
134	133	37.0
134	134	33.0
134	154	19.0
134	155	38.0
134	156	22.0
134	157	141.0
134	176	14.0
135	40	21.0
135	41	19.0
135	42	74.0
135	43	27.0
135	44	31.0
135	45	29.0
135	134	76.0
135	153	29.0
135	154	30.0
135	156	73.0
135	157	155.0
135	177	7.0
135	178	18.0
135	179	62.0
135	180	64.0
136	41	58.0
136	42	46.0
136	45	8.0
136	46	25.0
136	47	41.0
136	48	49.0
136	49	25.0
136	135	31.0
136	151	17.0
136	152	33.0
136	156	118.0
136	157	68.0
136	179	42.0
136	180	41.0
136	181	7.0
137	42	46.0
137	43	68.0
137	49	30.0
137	50	35.0
137	51	42.0
137	52	40.0
137	53	16.0
137	150	26.0
137	156	169.0
137	157	15.0
137	176	39.0
137	177	16.0
137	181	28.0
137	182	63.0
138	43	15.0
138	44	34.0
138	52	26.0
138	53	39.0
138	54	33.0
138	55	30.0
138	56	7.0
138	131	33.0
138	132	69.0
138	133	62.0
138	134	70.0
138	135	52.0
138	136	161.0
138	137	60.0
138	138	60.0
138	139	48.0
138	140	26.0
138	148	20.0
138	149	28.0
138	156	172.0
138	175	4.0
138	183	16.0
138	184	9.0
139	45	49.0
139	55	8.0
139	56	12.0
139	139	7.0
139	140	40.0
139	141	47.0
139	142	68.0
139	143	78.0
139	144	64.0
139	145	107.0
139	146	83.0
139	147	111.0
139	148	56.0
139	149	48.0
139	150	36.0
139	151	13.0
139	156	114.0
139	186	27.0
140	46	24.0
140	86	12.0
140	87	5.0
140	145	17.0
140	146	18.0
140	149	9.0
140	150	32.0
140	151	35.0
140	152	45.0
140	153	62.0
140	154	52.0
140	155	71.0
140	156	161.0
140	157	50.0
140	158	49.0
140	159	40.0
140	160	33.0
140	161	20.0
140	187	11.0
140	188	10.0
141	1	4.0
141	2	15.0
141	143	12.0
141	144	18.0
141	155	103.0
141	156	42.0
141	159	18.0
141	160	29.0
141	161	42.0
141	162	43.0
141	163	49.0
141	164	45.0
141	165	59.0
141	166	58.0
141	167	58.0
141	168	48.0
141	169	46.0
141	170	54.0
141	171	32.0
141	172	24.0
141	173	10.0
141	189	21.0
141	190	16.0
142	0	19.0
142	1	5.0
142	91	159.0
142	141	12.0
142	142	95.0
142	143	13.0
142	155	131.0
142	163	19.0
142	164	19.0
142	169	17.0
142	170	32.0
142	171	31.0
142	172	29.0
142	173	24.0
142	191	113.0
142	192	8.0
143	0	10.0
143	90	131.0
143	140	8.0
143	141	24.0
143	142	16.0
143	155	262.0
143	159	12.0
143	160	18.0
143	161	24.0
143	162	26.0
143	163	38.0
143	164	55.0
143	165	61.0
143	166	43.0
143	167	60.0
143	168	54.0
143	169	39.0
143	170	32.0
143	171	27.0
143	172	25.0
143	173	22.0
143	174	12.0
143	175	9.0
143	176	10.0
143	190	36.0
144	89	50.0
144	90	82.0
144	139	27.0
144	155	140.0
144	175	8.0
144	176	20.0
144	177	22.0
144	178	48.0
144	179	23.0
144	180	25.0
144	181	23.0
144	182	29.0
144	183	31.0
144	184	79.0
144	185	36.0
144	186	22.0
144	187	61.0
144	188	72.0
144	189	34.0
144	190	83.0
144	191	35.0
144	192	15.0
145	89	164.0
145	137	21.0
145	138	13.0
145	190	73.0
145	191	12.0
145	192	16.0
145	193	21.0
145	194	19.0
145	195	33.0
145	196	22.0
146	88	104.0
146	89	28.0
146	136	21.0
147	87	23.0
147	88	103.0
147	134	43.0
147	135	16.0
148	86	5.0
148	87	168.0
148	132	10.0
148	133	30.0
149	86	266.0
149	87	171.0
149	131	22.0
150	85	22.0
150	86	139.0
150	129	32.0
150	130	14.0
150	138	31.0
150	139	33.0
150	141	14.0
150	142	28.0
150	143	26.0
150	144	57.0
150	145	48.0
150	146	117.0
150	147	72.0
150	148	86.0
150	149	24.0
151	85	133.0
151	86	7.0
151	122	5.0
151	123	16.0
151	124	16.0
151	125	26.0
151	126	34.0
151	127	56.0
151	128	87.0
151	129	40.0
151	130	38.0
151	131	71.0
151	132	111.0
151	133	41.0
151	134	57.0
151	135	50.0
151	136	83.0
151	137	90.0
151	138	148.0
151	139	55.0
151	140	37.0
151	141	45.0
151	142	29.0
152	84	102.0
152	85	96.0
152	122	21.0
152	123	32.0
152	124	30.0
152	125	84.0
152	126	45.0
152	127	27.0
152	128	18.0
152	244	6.0
152	245	12.0
153	83	17.0
153	84	122.0
153	124	14.0
153	125	66.0
153	216	11.0
153	231	11.0
153	232	39.0
153	233	17.0
153	234	82.0
153	235	14.0
153	236	23.0
153	237	26.0
153	238	27.0
153	239	38.0
153	240	26.0
153	241	17.0
153	242	11.0
153	243	14.0
153	244	10.0
153	245	13.0
154	68	15.0
154	69	47.0
154	70	31.0
154	83	124.0
154	84	29.0
154	121	62.0
154	122	24.0
154	123	23.0
154	215	43.0
154	216	35.0
154	217	35.0
154	218	40.0
154	219	19.0
154	220	29.0
154	221	16.0
154	222	13.0
154	223	23.0
154	224	22.0
154	225	21.0
154	226	22.0
154	227	22.0
154	228	50.0
154	229	25.0
154	230	8.0
155	68	155.0
155	69	350.0
155	70	332.0
155	71	262.0
155	72	161.0
155	73	94.0
155	74	42.0
155	75	8.0
155	76	2.0
155	77	1.0
155	82	140.0
155	83	130.0
155	121	82.0
155	122	58.0
155	203	7.0
155	204	24.0
155	205	15.0
155	206	19.0
155	207	26.0
155	208	15.0
155	209	16.0
155	210	37.0
155	211	46.0
155	212	28.0
155	213	13.0
155	214	20.0
155	215	28.0
155	216	46.0
155	217	13.0
156	68	92.0
156	69	252.0
156	70	362.0
156	71	422.0
156	72	447.0
156	73	470.0
156	74	469.0
156	75	369.0
156	76	388.0
156	77	278.0
156	78	185.0
156	79	102.0
156	80	47.0
156	81	45.0
156	82	168.0
156	83	2.0
156	119	18.0
156	120	24.0
156	153	121.0
156	192	22.0
156	193	20.0
156	194	14.0
156	195	17.0
156	196	18.0
156	197	32.0
156	198	20.0
156	199	16.0
156	200	22.0
156	201	16.0
156	202	12.0
156	203	9.0
156	204	11.0
157	69	16.0
157	70	32.0
157	71	49.0
157	72	70.0
157	73	94.0
157	74	155.0
157	75	187.0
157	76	261.0
157	77	364.0
157	78	404.0
157	79	404.0
157	80	426.0
157	81	560.0
157	82	438.0
157	83	264.0
157	84	158.0
157	85	55.0
157	118	17.0
157	119	23.0
157	151	15.0
157	152	23.0
157	180	5.0
157	181	19.0
157	182	25.0
157	183	10.0
157	184	14.0
157	185	18.0
157	186	24.0
157	187	20.0
157	188	2.0
157	189	9.0
158	77	1.0
158	78	2.0
158	79	3.0
158	80	60.0
158	81	122.0
158	82	86.0
158	83	162.0
158	84	262.0
158	85	365.0
158	86	392.0
158	87	394.0
158	88	260.0
158	89	110.0
158	116	9.0
158	117	24.0
158	150	51.0
158	151	24.0
159	79	15.0
159	80	115.0
159	81	11.0
159	87	62.0
159	88	178.0
159	89	316.0
159	90	407.0
159	91	374.0
159	92	408.0
159	93	297.0
159	94	95.0
159	115	17.0
159	149	62.0
160	79	115.0
160	80	87.0
160	93	59.0
160	94	285.0
160	95	361.0
160	96	221.0
160	102	166.0
160	103	99.0
160	114	31.0
160	147	18.0
160	148	47.0
161	78	44.0
161	79	138.0
161	100	28.0
161	101	351.0
161	102	127.0
161	112	32.0
161	146	52.0
161	147	41.0
162	77	8.0
162	78	103.0
162	79	44.0
162	99	108.0
162	100	337.0
162	101	34.0
162	110	10.0
162	111	17.0
162	145	120.0
162	146	36.0
162	231	22.0
162	232	33.0
162	233	42.0
163	77	101.0
163	78	114.0
163	98	304.0
163	99	249.0
163	109	22.0
163	143	30.0
163	144	96.0
163	235	13.0
163	236	21.0
163	237	42.0
163	238	20.0
163	239	16.0
164	76	9.0
164	77	83.0
164	78	25.0
164	96	62.0
164	97	378.0
164	98	87.0
164	107	32.0
164	108	13.0
164	142	20.0
164	143	87.0
164	239	5.0
164	240	12.0
164	241	19.0
164	242	14.0
164	243	20.0
164	244	23.0
165	77	12.0
165	95	184.0
165	96	353.0
165	97	37.0
165	105	23.0
165	106	18.0
165	141	34.0
165	142	115.0
165	143	21.0
165	245	12.0
165	246	14.0
165	247	15.0
165	248	31.0
165	249	12.0
166	93	39.0
166	94	309.0
166	95	237.0
166	104	51.0
166	140	50.0
166	141	40.0
166	250	46.0
166	251	17.0
166	252	13.0
166	253	54.0
167	92	114.0
167	93	348.0
167	94	102.0
167	102	21.0
167	103	17.0
167	139	102.0
167	140	5.0
167	252	15.0
167	253	100.0
167	254	36.0
167	255	8.0
168	90	11.0
168	91	195.0
168	92	276.0
168	93	30.0
168	101	46.0
168	102	11.0
168	137	18.0
168	138	112.0
169	89	58.0
169	90	343.0
169	91	167.0
169	99	28.0
169	100	11.0
169	136	27.0
169	137	54.0
170	87	13.0
170	88	209.0
170	89	299.0
170	90	73.0
170	97	24.0
170	98	22.0
170	135	60.0
170	136	42.0
171	86	45.0
171	87	310.0
171	88	334.0
171	89	32.0
171	96	37.0
171	97	29.0
171	134	66.0
171	135	17.0
172	84	2.0
172	85	162.0
172	86	318.0
172	87	138.0
172	88	1.0
172	94	50.0
172	95	104.0
172	132	16.0
172	133	95.0
173	83	45.0
173	84	287.0
173	85	312.0
173	86	59.0
173	93	22.0
173	94	8.0
173	131	14.0
173	132	50.0
174	82	94.0
174	83	331.0
174	84	230.0
174	85	22.0
174	91	50.0
174	92	22.0
174	130	55.0
174	131	84.0
175	80	4.0
175	81	179.0
175	82	329.0
175	83	116.0
175	84	2.0
175	89	12.0
175	90	24.0
175	91	11.0
175	129	58.0
175	130	29.0
176	79	35.0
176	80	204.0
176	81	282.0
176	82	69.0
176	88	24.0
176	128	84.0
177	77	1.0
177	78	93.0
177	79	285.0
177	80	253.0
177	81	30.0
177	86	9.0
177	87	40.0
177	126	11.0
177	127	82.0
178	76	12.0
178	77	161.0
178	78	344.0
178	79	201.0
178	80	9.0
178	85	35.0
178	125	30.0
178	126	37.0
179	75	67.0
179	76	255.0
179	77	308.0
179	78	121.0
179	79	2.0
179	83	14.0
179	84	10.0
179	124	39.0
179	125	43.0
180	73	1.0
180	74	138.0
180	75	311.0
180	76	277.0
180	77	62.0
180	82	37.0
180	123	58.0
180	124	11.0
181	72	30.0
181	73	200.0
181	74	329.0
181	75	192.0
181	76	34.0
181	80	48.0
181	81	4.0
181	121	10.0
181	122	67.0
182	70	7.0
182	71	100.0
182	72	266.0
182	73	263.0
182	74	108.0
182	75	3.0
182	78	8.0
182	79	16.0
182	120	7.0
182	121	54.0
183	69	47.0
183	70	209.0
183	71	335.0
183	72	226.0
183	73	47.0
183	77	27.0
183	119	59.0
183	120	90.0
184	67	29.0
184	68	126.0
184	69	290.0
184	70	329.0
184	71	169.0
184	72	19.0
184	75	7.0
184	76	18.0
184	118	55.0
184	119	25.0
185	66	76.0
185	67	246.0
185	68	369.0
185	69	299.0
185	70	90.0
185	74	38.0
185	117	79.0
185	118	40.0
186	65	87.0
186	66	298.0
186	67	335.0
186	68	202.0
186	69	38.0
186	72	17.0
186	73	10.0
186	92	20.0
186	93	5.0
186	116	67.0
187	65	89.0
187	66	189.0
187	67	105.0
187	68	10.0
187	70	100.0
187	71	19.0
187	93	27.0
187	114	19.0
187	115	53.0
188	69	75.0
188	70	81.0
188	94	44.0
188	113	50.0
188	114	37.0
189	67	35.0
189	68	35.0
189	94	55.0
189	95	73.0
189	112	107.0
189	113	27.0
190	66	25.0
190	95	71.0
190	96	22.0
190	111	113.0
190	112	35.0
191	64	23.0
191	65	7.0
191	96	38.0
191	97	12.0
191	109	11.0
191	110	75.0
192	33	19.0
192	63	27.0
192	97	49.0
192	108	37.0
192	109	44.0
192	203	39.0
193	61	22.0
193	62	17.0
193	98	45.0
193	107	67.0
193	108	39.0
193	203	75.0
193	204	82.0
194	60	21.0
194	99	44.0
194	106	60.0
194	107	33.0
194	203	24.0
194	204	40.0
195	58	10.0
195	99	8.0
195	100	33.0
195	105	65.0
196	100	28.0
196	101	37.0
196	103	36.0
196	104	200.0
196	126	18.0
196	127	77.0
196	128	22.0
197	101	59.0
197	102	86.0
197	103	56.0
197	104	22.0
197	127	40.0
197	128	42.0
198	101	65.0
198	102	162.0
198	103	6.0
198	127	16.0
199	100	61.0
199	101	15.0
199	103	53.0
200	99	167.0
200	104	60.0
200	109	22.0
200	110	23.0
201	97	14.0
201	98	97.0
201	104	14.0
201	105	37.0
201	107	31.0
201	108	53.0
201	109	70.0
201	110	35.0
202	96	29.0
202	97	44.0
202	103	9.0
202	104	48.0
202	105	80.0
202	106	53.0
202	107	7.0
203	95	79.0
203	96	30.0
203	100	69.0
203	101	82.0
203	102	59.0
203	103	17.0
203	106	39.0
204	94	81.0
204	95	25.0
204	96	26.0
204	97	113.0
204	98	49.0
204	99	60.0
204	100	12.0
204	107	61.0
205	21	11.0
205	93	97.0
205	94	35.0
205	95	42.0
205	96	92.0
205	108	29.0
206	0	56.0
206	21	32.0
206	22	9.0
206	91	16.0
206	92	70.0
207	0	159.0
207	22	21.0
207	90	45.0
207	91	53.0
208	0	108.0
208	22	25.0
208	89	49.0
208	90	29.0
209	0	93.0
209	23	34.0
209	88	68.0
209	89	18.0
210	0	95.0
210	23	48.0
210	86	4.0
210	87	93.0
211	0	98.0
211	24	31.0
211	85	22.0
211	86	53.0
212	24	27.0
212	84	27.0
212	85	36.0
212	197	44.0
213	25	37.0
213	83	49.0
213	84	23.0
213	197	37.0
213	198	139.0
213	199	150.0
213	200	159.0
213	201	57.0
214	25	53.0
214	82	64.0
214	83	11.0
214	200	55.0
214	201	169.0
214	202	185.0
214	203	166.0
214	204	59.0
215	26	39.0
215	79	14.0
215	80	43.0
215	81	178.0
215	204	59.0
215	205	161.0
215	206	146.0
215	207	148.0
215	208	36.0
216	26	81.0
216	79	37.0
216	80	93.0
216	171	21.0
216	207	69.0
216	208	134.0
216	209	116.0
216	210	98.0
216	211	37.0
217	27	33.0
217	78	50.0
217	79	48.0
217	170	35.0
217	171	129.0
217	172	85.0
217	210	30.0
217	211	109.0
217	212	149.0
217	213	108.0
217	214	65.0
217	215	16.0
218	27	36.0
218	77	59.0
218	78	15.0
218	171	59.0
218	172	169.0
218	173	202.0
218	174	34.0
218	213	24.0
218	214	96.0
218	215	126.0
218	216	144.0
218	217	76.0
218	218	28.0
219	28	78.0
219	76	132.0
219	77	16.0
219	172	24.0
219	173	185.0
219	174	235.0
219	175	68.0
219	216	16.0
219	217	49.0
219	218	92.0
219	219	108.0
219	220	77.0
219	221	58.0
219	222	23.0
220	28	36.0
220	74	15.0
220	75	52.0
220	174	59.0
220	175	215.0
220	176	160.0
220	177	8.0
220	219	5.0
220	220	46.0
220	221	89.0
220	222	74.0
220	223	12.0
221	29	36.0
221	73	24.0
221	74	35.0
221	175	2.0
221	176	141.0
221	177	258.0
221	178	65.0
222	72	33.0
222	73	32.0
222	177	32.0
222	178	192.0
222	179	193.0
223	71	48.0
223	72	15.0
223	157	13.0
223	179	111.0
223	180	298.0
223	181	81.0
224	70	62.0
224	71	12.0
224	180	4.0
224	181	201.0
224	182	253.0
225	68	25.0
225	69	74.0
225	182	50.0
225	183	154.0
226	67	38.0
226	68	56.0
226	185	36.0
227	66	57.0
227	67	29.0
228	65	60.0
228	66	20.0
229	63	139.0
229	64	91.0
229	65	9.0
230	62	20.0
230	63	165.0
230	107	10.0
230	229	9.0
230	230	25.0
231	61	33.0
231	62	34.0
231	229	4.0
231	230	54.0
231	231	45.0
232	60	54.0
232	61	25.0
232	231	48.0
232	232	75.0
233	59	75.0
233	60	25.0
233	232	40.0
233	233	79.0
233	234	12.0
234	58	60.0
234	233	15.0
234	234	115.0
234	235	29.0
235	56	16.0
235	57	50.0
235	234	6.0
235	235	147.0
235	236	79.0
236	55	52.0
236	56	55.0
236	236	92.0
236	237	81.0
237	54	86.0
237	55	46.0
237	173	10.0
237	174	20.0
237	237	39.0
237	238	82.0
238	53	65.0
238	54	99.0
238	173	9.0
238	174	17.0
238	238	19.0
238	239	91.0
238	242	27.0
239	51	11.0
239	52	114.0
239	53	4.0
239	240	155.0
239	241	66.0
239	242	69.0
240	50	22.0
240	51	55.0
240	52	78.0
240	241	112.0
240	242	129.0
241	49	45.0
241	50	43.0
241	242	44.0
241	243	74.0
242	48	46.0
242	49	31.0
242	243	16.0
242	244	85.0
243	47	63.0
243	48	13.0
243	245	22.0
243	246	41.0
244	45	20.0
244	46	62.0
244	74	12.0
245	44	19.0
245	45	87.0
245	73	112.0
245	74	242.0
245	75	231.0
245	76	150.0
245	183	75.0
245	184	49.0
246	43	74.0
246	44	53.0
246	68	21.0
246	69	72.0
246	70	163.0
246	71	133.0
246	72	171.0
246	73	61.0
246	74	78.0
246	75	202.0
246	76	32.0
247	42	47.0
247	43	43.0
247	64	66.0
247	65	145.0
247	66	108.0
247	67	128.0
247	68	203.0
247	69	56.0
247	75	191.0
247	76	189.0
248	41	70.0
248	42	15.0
248	59	5.0
248	60	46.0
248	61	78.0
248	62	120.0
248	63	93.0
248	64	74.0
248	65	43.0
248	75	26.0
248	76	245.0
248	77	105.0
249	40	51.0
249	55	23.0
249	56	50.0
249	57	69.0
249	58	113.0
249	59	118.0
249	60	71.0
249	61	24.0
249	76	64.0
249	77	256.0
249	78	28.0
250	38	17.0
250	39	60.0
250	51	25.0
250	52	44.0
250	53	82.0
250	54	131.0
250	55	129.0
250	56	69.0
250	57	24.0
250	77	99.0
250	78	190.0
251	37	49.0
251	38	48.0
251	49	12.0
251	50	52.0
251	51	62.0
251	52	72.0
251	53	39.0
251	54	13.0
251	78	147.0
251	79	126.0
252	36	103.0
252	37	55.0
252	79	255.0
252	80	85.0
253	35	106.0
253	36	43.0
253	79	23.0
253	80	270.0
253	81	3.0
254	33	35.0
254	34	67.0
254	35	27.0
254	80	60.0
254	81	215.0
255	32	26.0
255	33	121.0
255	41	29.0
255	80	21.0
255	81	271.0
255	82	241.0
255	83	61.0
255	84	70.0
255	85	6.0
