0	0	21.0
0	5	26.0
0	70	40.0
0	71	107.0
0	72	66.0
0	77	73.0
0	98	32.0
0	100	18.0
0	101	93.0
0	102	68.0
0	103	127.0
0	111	137.0
0	158	49.0
0	159	247.0
0	160	30.0
0	193	14.0
0	194	13.0
0	195	33.0
0	196	76.0
0	197	6.0
0	255	11.0
1	35	5.0
1	36	6.0
1	37	36.0
1	45	86.0
1	46	48.0
1	47	36.0
1	48	40.0
1	49	20.0
1	50	7.0
1	51	23.0
1	72	80.0
1	73	103.0
1	74	162.0
1	77	6.0
1	98	19.0
1	102	179.0
1	103	89.0
1	109	20.0
1	110	9.0
1	111	119.0
1	139	27.0
1	158	80.0
1	159	133.0
1	160	38.0
1	177	9.0
1	178	65.0
1	179	49.0
1	193	16.0
1	195	21.0
1	196	35.0
1	197	15.0
1	246	8.0
1	254	55.0
1	255	11.0
2	35	44.0
2	36	68.0
2	37	108.0
2	38	11.0
2	45	6.0
2	46	13.0
2	47	7.0
2	48	18.0
2	49	23.0
2	50	44.0
2	51	104.0
2	52	65.0
2	53	48.0
2	54	25.0
2	74	171.0
2	75	90.0
2	98	23.0
2	109	16.0
2	110	29.0
2	111	56.0
2	112	51.0
2	125	21.0
2	126	45.0
2	127	44.0
2	139	45.0
2	157	14.0
2	158	43.0
2	178	15.0
2	179	121.0
2	180	140.0
2	186	34.0
2	187	35.0
2	188	25.0
2	189	44.0
2	194	13.0
2	195	24.0
2	197	135.0
2	252	43.0
2	253	53.0
2	254	24.0
2	255	58.0
3	31	132.0
3	32	94.0
3	53	11.0
3	54	46.0
3	55	72.0
3	56	58.0
3	57	49.0
3	58	39.0
3	74	14.0
3	76	39.0
3	99	56.0
3	112	189.0
3	124	34.0
3	125	81.0
3	126	33.0
3	127	33.0
3	139	41.0
3	140	14.0
3	147	12.0
3	157	10.0
3	158	8.0
3	178	22.0
3	180	56.0
3	181	108.0
3	182	31.0
3	185	27.0
3	186	20.0
3	187	40.0
3	188	10.0
3	189	66.0
3	190	88.0
3	198	65.0
3	242	16.0
3	243	33.0
3	244	27.0
3	245	28.0
3	246	31.0
3	247	33.0
3	248	32.0
3	249	26.0
3	250	26.0
3	251	26.0
3	252	27.0
3	253	8.0
3	254	46.0
3	255	32.0
4	31	9.0
4	58	12.0
4	59	48.0
4	74	27.0
4	75	41.0
4	76	90.0
4	99	13.0
4	112	155.0
4	139	36.0
4	140	44.0
4	177	33.0
4	178	22.0
4	182	95.0
4	183	102.0
4	185	24.0
4	190	7.0
4	210	10.0
4	211	119.0
4	229	14.0
4	251	25.0
4	252	39.0
4	253	41.0
4	254	28.0
4	255	38.0
5	28	25.0
5	73	26.0
5	74	145.0
5	75	26.0
5	111	46.0
5	112	94.0
5	140	65.0
5	167	19.0
5	177	67.0
5	183	30.0
5	184	168.0
5	185	34.0
5	190	50.0
5	191	28.0
5	211	102.0
6	27	58.0
6	28	87.0
6	50	16.0
6	74	15.0
6	111	34.0
6	112	17.0
6	140	74.0
6	170	41.0
6	171	27.0
6	176	65.0
6	177	18.0
6	184	69.0
6	185	52.0
6	189	11.0
6	190	41.0
6	231	107.0
7	26	28.0
7	27	32.0
7	28	38.0
7	33	13.0
7	34	5.0
7	48	13.0
7	57	45.0
7	58	45.0
7	130	19.0
7	140	102.0
7	170	10.0
7	171	54.0
7	172	82.0
7	173	72.0
7	175	40.0
7	176	99.0
7	184	101.0
7	189	135.0
7	224	25.0
7	230	69.0
7	239	96.0
7	240	13.0
8	24	18.0
8	25	46.0
8	26	33.0
8	28	39.0
8	29	33.0
8	30	30.0
8	31	11.0
8	32	18.0
8	33	4.0
8	47	18.0
8	53	9.0
8	56	32.0
8	57	75.0
8	102	74.0
8	130	15.0
8	140	27.0
8	150	46.0
8	151	88.0
8	173	41.0
8	174	206.0
8	175	244.0
8	176	26.0
8	184	31.0
8	186	16.0
8	224	32.0
8	230	16.0
8	238	14.0
8	239	60.0
9	0	46.0
9	1	166.0
9	2	103.0
9	23	47.0
9	24	40.0
9	31	26.0
9	32	14.0
9	47	50.0
9	53	33.0
9	54	48.0
9	56	107.0
9	57	46.0
9	101	36.0
9	129	28.0
9	130	40.0
9	151	90.0
9	174	37.0
9	175	67.0
9	176	31.0
9	186	53.0
9	224	49.0
9	247	12.0
9	248	12.0
10	0	53.0
10	21	49.0
10	22	51.0
10	23	10.0
10	47	14.0
10	54	110.0
10	55	83.0
10	56	64.0
10	100	58.0
10	101	89.0
10	166	8.0
10	167	25.0
10	174	126.0
10	175	17.0
10	186	22.0
10	224	85.0
10	237	34.0
10	238	19.0
10	245	51.0
10	246	47.0
10	247	32.0
10	248	34.0
11	19	30.0
11	20	88.0
11	21	40.0
11	51	36.0
11	52	59.0
11	53	24.0
11	54	82.0
11	55	157.0
11	77	7.0
11	78	32.0
11	166	162.0
11	167	131.0
11	173	38.0
11	174	66.0
11	231	16.0
11	232	11.0
11	237	23.0
11	245	78.0
11	246	115.0
11	247	41.0
11	248	37.0
12	17	20.0
12	18	89.0
12	19	37.0
12	48	31.0
12	49	59.0
12	50	36.0
12	54	126.0
12	55	231.0
12	77	108.0
12	78	74.0
12	145	20.0
12	146	35.0
12	166	21.0
12	173	37.0
12	186	37.0
12	229	14.0
12	230	24.0
12	231	6.0
12	237	40.0
12	247	42.0
12	248	42.0
13	16	56.0
13	17	60.0
13	18	16.0
13	22	13.0
13	45	26.0
13	46	29.0
13	47	35.0
13	53	145.0
13	54	32.0
13	55	100.0
13	56	11.0
13	72	20.0
13	73	49.0
13	76	23.0
13	77	185.0
13	110	162.0
13	111	24.0
13	173	27.0
13	186	38.0
13	226	8.0
13	227	33.0
13	228	25.0
13	237	37.0
14	14	37.0
14	15	96.0
14	16	26.0
14	44	24.0
14	45	12.0
14	52	76.0
14	53	94.0
14	55	36.0
14	56	182.0
14	72	27.0
14	73	55.0
14	76	141.0
14	77	42.0
14	109	43.0
14	110	48.0
14	111	7.0
14	112	19.0
14	172	87.0
14	185	46.0
14	186	156.0
14	224	31.0
14	225	36.0
14	226	7.0
14	237	43.0
15	12	30.0
15	13	64.0
15	14	22.0
15	51	39.0
15	52	180.0
15	56	154.0
15	75	50.0
15	76	132.0
15	172	73.0
15	183	4.0
15	204	27.0
15	205	74.0
15	222	49.0
15	223	33.0
15	235	15.0
15	237	22.0
16	11	84.0
16	12	87.0
16	51	93.0
16	54	39.0
16	55	66.0
16	56	63.0
16	75	204.0
16	80	23.0
16	99	14.0
16	102	8.0
16	141	8.0
16	171	73.0
16	174	5.0
16	176	24.0
16	177	92.0
16	178	105.0
16	179	6.0
16	183	38.0
16	204	88.0
16	205	90.0
16	206	23.0
16	235	91.0
16	236	49.0
17	9	55.0
17	10	97.0
17	11	5.0
17	50	16.0
17	51	42.0
17	52	138.0
17	54	16.0
17	75	64.0
17	79	27.0
17	80	270.0
17	81	19.0
17	96	37.0
17	99	35.0
17	102	37.0
17	171	32.0
17	175	24.0
17	176	14.0
17	177	117.0
17	178	100.0
17	183	20.0
17	204	30.0
17	217	56.0
17	236	7.0
18	7	29.0
18	8	51.0
18	9	16.0
18	45	53.0
18	49	30.0
18	50	15.0
18	52	7.0
18	79	5.0
18	80	431.0
18	81	34.0
18	96	62.0
18	99	39.0
18	102	15.0
18	170	58.0
18	183	10.0
18	184	16.0
18	217	69.0
18	249	20.0
18	250	15.0
18	254	70.0
19	5	4.0
19	6	66.0
19	7	36.0
19	18	14.0
19	45	53.0
19	48	38.0
19	80	494.0
19	81	100.0
19	99	29.0
19	100	18.0
19	101	110.0
19	134	113.0
19	135	55.0
19	136	81.0
19	170	100.0
19	217	42.0
19	218	16.0
19	254	17.0
20	4	54.0
20	5	66.0
20	17	21.0
20	18	10.0
20	45	22.0
20	47	37.0
20	72	22.0
20	73	39.0
20	80	481.0
20	81	135.0
20	82	74.0
20	84	17.0
20	99	34.0
20	100	22.0
20	101	145.0
20	135	13.0
20	136	37.0
20	137	21.0
20	171	16.0
20	229	38.0
21	2	76.0
21	3	78.0
21	17	35.0
21	18	74.0
21	44	3.0
21	45	38.0
21	46	86.0
21	47	23.0
21	72	96.0
21	73	77.0
21	82	77.0
21	83	124.0
21	84	104.0
21	99	45.0
21	101	27.0
21	161	10.0
21	171	23.0
21	172	21.0
21	173	36.0
21	185	44.0
21	186	57.0
21	216	21.0
22	2	18.0
22	8	26.0
22	17	58.0
22	18	45.0
22	44	15.0
22	45	78.0
22	46	23.0
22	47	28.0
22	72	126.0
22	73	12.0
22	83	39.0
22	84	130.0
22	85	33.0
22	99	27.0
22	101	90.0
22	102	37.0
22	161	28.0
22	169	29.0
22	171	2.0
22	172	21.0
22	185	23.0
22	186	32.0
22	199	84.0
22	207	59.0
22	208	26.0
22	216	40.0
22	217	31.0
22	234	20.0
22	255	96.0
23	8	5.0
23	9	30.0
23	10	14.0
23	45	114.0
23	46	54.0
23	47	7.0
23	72	135.0
23	75	31.0
23	76	15.0
23	84	7.0
23	85	114.0
23	86	77.0
23	99	32.0
23	101	230.0
23	102	107.0
23	125	24.0
23	162	46.0
23	163	84.0
23	164	54.0
23	165	25.0
23	166	22.0
23	167	29.0
23	168	64.0
23	171	14.0
23	178	53.0
23	199	57.0
23	200	47.0
23	207	24.0
23	211	8.0
23	212	97.0
23	213	35.0
23	217	25.0
23	218	43.0
23	233	69.0
23	234	24.0
23	253	17.0
23	254	174.0
23	255	78.0
24	10	30.0
24	11	52.0
24	45	104.0
24	46	91.0
24	71	9.0
24	72	167.0
24	74	20.0
24	75	79.0
24	84	15.0
24	85	9.0
24	86	79.0
24	87	107.0
24	88	7.0
24	99	26.0
24	101	64.0
24	102	78.0
24	123	17.0
24	124	44.0
24	125	12.0
24	171	12.0
24	174	55.0
24	178	70.0
24	200	57.0
24	201	13.0
24	207	40.0
24	208	52.0
24	212	25.0
24	218	73.0
24	219	37.0
24	227	9.0
24	228	54.0
24	234	19.0
24	235	12.0
24	236	2.0
24	253	99.0
24	254	65.0
25	12	33.0
25	13	15.0
25	45	74.0
25	46	197.0
25	71	52.0
25	72	115.0
25	74	92.0
25	75	5.0
25	84	70.0
25	85	44.0
25	87	30.0
25	88	247.0
25	89	48.0
25	101	42.0
25	102	64.0
25	122	26.0
25	123	220.0
25	124	82.0
25	125	10.0
25	171	17.0
25	178	17.0
25	201	78.0
25	207	29.0
25	208	100.0
25	227	35.0
25	228	32.0
25	237	10.0
25	251	11.0
25	252	166.0
25	253	36.0
25	254	31.0
25	255	35.0
26	13	8.0
26	14	31.0
26	46	141.0
26	71	65.0
26	72	44.0
26	73	63.0
26	74	15.0
26	88	14.0
26	89	122.0
26	90	79.0
26	101	61.0
26	102	127.0
26	122	30.0
26	123	51.0
26	124	24.0
26	179	28.0
26	180	43.0
26	202	22.0
26	226	54.0
26	227	43.0
26	250	29.0
26	251	290.0
26	252	41.0
27	2	9.0
27	3	25.0
27	15	27.0
27	16	31.0
27	22	28.0
27	23	23.0
27	47	46.0
27	71	96.0
27	72	33.0
27	73	29.0
27	90	51.0
27	91	147.0
27	101	17.0
27	102	156.0
27	121	8.0
27	122	39.0
27	128	15.0
27	129	53.0
27	176	28.0
27	180	117.0
27	202	96.0
27	225	34.0
27	226	47.0
27	249	28.0
27	250	150.0
27	251	114.0
28	2	114.0
28	3	62.0
28	16	8.0
28	17	38.0
28	18	8.0
28	23	54.0
28	46	14.0
28	47	18.0
28	48	32.0
28	71	4.0
28	72	73.0
28	84	97.0
28	85	85.0
28	91	10.0
28	92	195.0
28	93	32.0
28	102	131.0
28	121	15.0
28	128	57.0
28	129	36.0
28	159	52.0
28	160	96.0
28	161	22.0
28	180	39.0
28	201	16.0
28	202	158.0
28	224	21.0
28	225	44.0
28	248	15.0
28	249	193.0
28	250	40.0
29	2	10.0
29	18	24.0
29	23	18.0
29	49	6.0
29	50	16.0
29	51	7.0
29	63	14.0
29	71	6.0
29	83	28.0
29	84	68.0
29	85	18.0
29	93	136.0
29	94	77.0
29	128	28.0
29	159	34.0
29	160	116.0
29	161	180.0
29	162	112.0
29	163	3.0
29	201	49.0
29	202	109.0
29	224	38.0
29	247	25.0
29	248	101.0
29	249	27.0
30	23	28.0
30	52	13.0
30	63	106.0
30	64	25.0
30	99	35.0
30	100	106.0
30	161	36.0
30	162	200.0
30	163	232.0
30	164	87.0
30	201	137.0
30	202	65.0
30	223	43.0
30	229	16.0
30	230	37.0
30	231	6.0
30	246	20.0
30	247	119.0
31	22	16.0
31	54	10.0
31	63	152.0
31	64	30.0
31	100	32.0
31	153	28.0
31	154	22.0
31	163	30.0
31	164	174.0
31	165	216.0
31	166	71.0
31	201	169.0
31	222	49.0
31	230	38.0
31	231	7.0
31	245	36.0
31	246	127.0
32	21	20.0
32	63	173.0
32	64	25.0
32	76	79.0
32	77	31.0
32	144	67.0
32	153	58.0
32	165	30.0
32	166	167.0
32	167	262.0
32	168	30.0
32	169	17.0
32	170	9.0
32	185	8.0
32	201	134.0
32	221	58.0
32	244	52.0
32	245	179.0
33	20	33.0
33	21	25.0
33	51	179.0
33	52	39.0
33	63	213.0
33	64	22.0
33	75	51.0
33	76	141.0
33	77	42.0
33	109	40.0
33	110	36.0
33	168	193.0
33	169	188.0
33	184	54.0
33	220	38.0
33	221	13.0
33	238	49.0
33	239	41.0
33	243	48.0
33	244	101.0
34	21	30.0
34	51	433.0
34	52	21.0
34	63	240.0
34	64	22.0
34	75	6.0
34	76	13.0
34	109	80.0
34	153	14.0
34	184	13.0
34	185	18.0
34	219	25.0
34	220	27.0
34	238	105.0
34	239	81.0
34	242	70.0
34	243	111.0
35	18	29.0
35	21	23.0
35	22	79.0
35	36	18.0
35	63	212.0
35	64	19.0
35	109	22.0
35	153	21.0
35	185	81.0
35	186	17.0
35	199	16.0
35	200	47.0
35	219	33.0
35	238	100.0
35	239	28.0
35	241	150.0
35	242	133.0
35	252	48.0
35	253	78.0
35	254	46.0
35	255	17.0
36	35	90.0
36	36	116.0
36	37	17.0
36	63	220.0
36	64	35.0
36	153	25.0
36	162	137.0
36	163	80.0
36	185	35.0
36	186	106.0
36	200	9.0
36	201	25.0
36	218	42.0
36	238	131.0
36	239	12.0
36	240	61.0
36	241	123.0
36	252	29.0
36	253	163.0
36	254	123.0
37	34	52.0
37	35	132.0
37	36	47.0
37	56	14.0
37	63	313.0
37	64	59.0
37	65	81.0
37	153	26.0
37	162	5.0
37	163	15.0
37	202	20.0
37	203	6.0
37	217	47.0
37	238	175.0
37	239	91.0
37	240	71.0
37	253	2.0
37	254	130.0
37	255	120.0
38	33	79.0
38	34	98.0
38	54	65.0
38	55	46.0
38	63	157.0
38	64	20.0
38	65	19.0
38	160	26.0
38	177	68.0
38	196	27.0
38	197	15.0
38	203	36.0
38	204	75.0
38	216	53.0
38	229	29.0
38	238	251.0
38	239	43.0
38	255	181.0
39	32	124.0
39	33	102.0
39	53	58.0
39	54	86.0
39	59	7.0
39	65	27.0
39	71	41.0
39	72	33.0
39	90	8.0
39	91	19.0
39	177	34.0
39	196	29.0
39	215	64.0
39	216	17.0
39	229	50.0
39	237	117.0
39	238	262.0
39	239	58.0
39	251	26.0
40	31	113.0
40	32	162.0
40	33	12.0
40	54	53.0
40	56	74.0
40	57	18.0
40	58	42.0
40	59	83.0
40	60	26.0
40	65	17.0
40	73	21.0
40	74	43.0
40	90	30.0
40	91	20.0
40	125	25.0
40	134	10.0
40	136	25.0
40	196	13.0
40	203	35.0
40	204	47.0
40	236	105.0
40	237	48.0
40	238	154.0
40	246	123.0
40	247	40.0
40	251	47.0
40	252	71.0
40	253	27.0
41	30	139.0
41	31	64.0
41	54	71.0
41	55	45.0
41	56	26.0
41	61	30.0
41	62	17.0
41	63	21.0
41	64	53.0
41	65	13.0
41	75	53.0
41	90	44.0
41	91	4.0
41	134	71.0
41	135	7.0
41	136	128.0
41	137	27.0
41	138	24.0
41	197	15.0
41	203	23.0
41	204	27.0
41	235	103.0
41	236	29.0
41	238	84.0
41	246	15.0
41	252	33.0
41	253	55.0
41	254	44.0
42	28	8.0
42	29	183.0
42	30	41.0
42	54	17.0
42	55	73.0
42	76	127.0
42	90	78.0
42	96	29.0
42	134	28.0
42	135	88.0
42	136	24.0
42	143	70.0
42	144	117.0
42	145	41.0
42	198	49.0
42	199	39.0
42	216	31.0
42	230	21.0
42	231	15.0
42	233	11.0
42	234	119.0
42	235	26.0
42	247	17.0
42	248	23.0
42	254	49.0
42	255	73.0
43	27	6.0
43	28	141.0
43	29	13.0
43	76	10.0
43	90	62.0
43	135	54.0
43	136	69.0
43	143	20.0
43	144	128.0
43	145	212.0
43	146	92.0
43	181	2.0
43	182	17.0
43	183	34.0
43	184	39.0
43	185	32.0
43	186	39.0
43	187	39.0
43	188	62.0
43	189	90.0
43	190	125.0
43	191	45.0
43	192	47.0
43	193	32.0
43	194	24.0
43	198	49.0
43	199	60.0
43	215	22.0
43	216	22.0
43	230	33.0
43	232	16.0
43	233	130.0
43	234	16.0
43	247	19.0
43	255	14.0
44	26	48.0
44	27	160.0
44	90	50.0
44	94	32.0
44	136	86.0
44	137	23.0
44	145	33.0
44	146	163.0
44	147	180.0
44	148	45.0
44	157	59.0
44	158	45.0
44	188	24.0
44	189	106.0
44	190	17.0
44	207	9.0
44	210	29.0
44	211	61.0
44	214	9.0
44	215	47.0
44	217	10.0
44	230	40.0
44	231	14.0
44	232	126.0
44	233	5.0
44	247	45.0
44	248	7.0
45	26	195.0
45	90	55.0
45	93	8.0
45	94	71.0
45	137	95.0
45	147	54.0
45	148	184.0
45	149	142.0
45	150	39.0
45	156	96.0
45	157	179.0
45	158	84.0
45	189	5.0
45	190	24.0
45	207	28.0
45	210	87.0
45	214	51.0
45	224	84.0
45	225	94.0
45	226	106.0
45	230	80.0
45	231	113.0
45	246	85.0
45	247	43.0
46	37	8.0
46	90	35.0
46	93	108.0
46	94	96.0
46	132	39.0
46	149	79.0
46	150	204.0
46	151	75.0
46	155	126.0
46	156	208.0
46	157	35.0
46	158	2.0
46	207	13.0
46	208	37.0
46	209	55.0
46	210	21.0
46	213	35.0
46	214	16.0
46	229	40.0
46	230	125.0
46	246	60.0
47	20	11.0
47	21	16.0
47	37	7.0
47	44	23.0
47	45	76.0
47	46	22.0
47	86	10.0
47	89	84.0
47	90	56.0
47	93	129.0
47	94	44.0
47	131	51.0
47	132	71.0
47	151	134.0
47	152	303.0
47	153	49.0
47	154	143.0
47	155	59.0
47	208	41.0
47	209	29.0
47	212	20.0
47	213	43.0
47	228	182.0
47	229	106.0
48	19	13.0
48	20	28.0
48	44	119.0
48	45	198.0
48	46	34.0
48	89	96.0
48	93	136.0
48	94	14.0
48	122	172.0
48	123	37.0
48	129	57.0
48	131	84.0
48	132	7.0
48	152	44.0
48	153	315.0
48	154	22.0
48	212	100.0
48	227	94.0
48	228	104.0
49	28	15.0
49	43	39.0
49	44	350.0
49	45	158.0
49	83	41.0
49	84	110.0
49	89	26.0
49	93	128.0
49	122	10.0
49	129	53.0
49	130	61.0
49	131	24.0
49	151	201.0
49	152	134.0
49	211	39.0
49	226	75.0
49	227	142.0
50	43	244.0
50	44	295.0
50	45	14.0
50	84	42.0
50	92	22.0
50	93	50.0
50	102	12.0
50	128	36.0
50	129	70.0
50	130	72.0
50	150	221.0
50	151	167.0
50	166	21.0
50	167	23.0
50	210	12.0
50	211	21.0
50	225	91.0
50	226	88.0
50	248	52.0
51	42	58.0
51	43	372.0
51	44	59.0
51	49	11.0
51	50	52.0
51	51	7.0
51	92	92.0
51	93	21.0
51	101	26.0
51	102	16.0
51	128	10.0
51	129	87.0
51	149	196.0
51	150	9.0
51	163	56.0
51	164	78.0
51	166	14.0
51	210	61.0
51	224	114.0
51	225	67.0
51	232	11.0
51	233	23.0
51	234	31.0
51	235	23.0
51	236	19.0
51	250	17.0
51	251	6.0
52	17	168.0
52	18	34.0
52	42	260.0
52	43	170.0
52	50	42.0
52	51	113.0
52	52	12.0
52	92	95.0
52	101	31.0
52	128	85.0
52	129	47.0
52	163	23.0
52	164	109.0
52	165	17.0
52	209	10.0
52	210	29.0
52	211	98.0
52	212	29.0
52	213	28.0
52	222	9.0
52	223	167.0
52	224	55.0
52	231	20.0
52	232	48.0
52	236	8.0
52	251	19.0
52	252	55.0
53	18	31.0
53	19	37.0
53	41	117.0
53	42	399.0
53	43	3.0
53	51	58.0
53	52	112.0
53	53	11.0
53	92	67.0
53	99	31.0
53	100	49.0
53	101	18.0
53	117	18.0
53	118	27.0
53	164	15.0
53	210	10.0
53	211	55.0
53	213	33.0
53	214	26.0
53	215	34.0
53	222	157.0
53	223	113.0
53	224	73.0
53	237	44.0
53	238	33.0
54	40	1.0
54	41	449.0
54	42	96.0
54	52	40.0
54	53	108.0
54	92	73.0
54	99	20.0
54	100	29.0
54	117	68.0
54	118	60.0
54	163	27.0
54	214	32.0
54	220	8.0
54	221	123.0
54	222	23.0
54	225	55.0
54	226	57.0
54	236	2.0
54	237	46.0
54	238	17.0
54	247	23.0
54	248	5.0
54	250	21.0
55	26	26.0
55	27	59.0
55	28	107.0
55	40	288.0
55	41	391.0
55	53	19.0
55	54	110.0
55	55	16.0
55	78	30.0
55	79	22.0
55	117	150.0
55	118	31.0
55	163	21.0
55	214	41.0
55	215	28.0
55	219	4.0
55	220	130.0
55	221	26.0
55	226	16.0
55	227	62.0
55	228	17.0
55	247	101.0
55	250	8.0
56	26	55.0
56	27	84.0
56	39	7.0
56	40	520.0
56	41	9.0
56	54	21.0
56	55	161.0
56	56	73.0
56	78	15.0
56	79	64.0
56	116	46.0
56	117	189.0
56	163	25.0
56	216	15.0
56	218	32.0
56	219	132.0
56	220	5.0
56	228	95.0
57	26	20.0
57	27	16.0
57	39	366.0
57	40	106.0
57	55	26.0
57	56	138.0
57	57	4.0
57	58	4.0
57	79	103.0
57	116	129.0
57	117	128.0
57	153	76.0
57	154	14.0
57	162	23.0
57	215	14.0
57	216	44.0
57	217	22.0
57	218	138.0
57	219	12.0
58	27	21.0
58	57	116.0
58	58	30.0
58	72	26.0
58	73	96.0
58	74	43.0
58	79	57.0
58	80	57.0
58	116	183.0
58	117	13.0
58	153	113.0
58	154	128.0
58	163	56.0
58	216	41.0
58	217	100.0
59	24	27.0
59	25	1.0
59	28	29.0
59	29	25.0
59	56	15.0
59	58	107.0
59	59	18.0
59	72	28.0
59	73	22.0
59	80	100.0
59	115	20.0
59	116	168.0
59	154	103.0
59	155	147.0
59	164	41.0
59	165	76.0
59	190	7.0
59	191	50.0
59	192	20.0
59	215	43.0
59	216	110.0
59	239	8.0
59	240	71.0
59	241	28.0
60	25	31.0
60	26	42.0
60	27	12.0
60	59	114.0
60	60	7.0
60	73	23.0
60	76	65.0
60	80	96.0
60	115	126.0
60	116	74.0
60	155	181.0
60	156	248.0
60	164	18.0
60	165	14.0
60	191	27.0
60	192	71.0
60	193	55.0
60	214	66.0
60	215	87.0
60	238	22.0
60	239	32.0
60	240	15.0
61	21	27.0
61	26	24.0
61	27	92.0
61	28	20.0
61	60	4.0
61	69	48.0
61	70	57.0
61	73	22.0
61	74	93.0
61	75	54.0
61	81	60.0
61	115	230.0
61	149	73.0
61	155	54.0
61	156	322.0
61	193	38.0
61	194	83.0
61	195	85.0
61	197	21.0
61	206	32.0
61	207	13.0
61	213	68.0
61	214	109.0
61	238	30.0
62	21	20.0
62	22	48.0
62	23	28.0
62	28	31.0
62	29	43.0
62	70	14.0
62	115	179.0
62	131	8.0
62	135	84.0
62	149	10.0
62	151	13.0
62	152	113.0
62	153	22.0
62	155	22.0
62	156	327.0
62	157	3.0
62	195	92.0
62	196	84.0
62	197	103.0
62	198	21.0
62	207	6.0
62	212	75.0
62	213	77.0
62	237	46.0
62	238	9.0
62	247	27.0
62	248	28.0
62	249	97.0
62	250	5.0
63	23	25.0
63	24	69.0
63	25	34.0
63	30	48.0
63	31	36.0
63	114	94.0
63	115	29.0
63	131	12.0
63	134	26.0
63	135	25.0
63	149	21.0
63	150	42.0
63	151	27.0
63	152	22.0
63	156	285.0
63	197	84.0
63	198	169.0
63	211	106.0
63	212	71.0
63	235	31.0
63	247	48.0
63	248	105.0
63	249	31.0
64	25	58.0
64	26	76.0
64	27	26.0
64	31	14.0
64	32	48.0
64	69	60.0
64	114	92.0
64	134	29.0
64	135	9.0
64	148	65.0
64	149	73.0
64	152	10.0
64	156	288.0
64	199	62.0
64	200	87.0
64	210	99.0
64	211	40.0
64	235	80.0
65	27	56.0
65	28	70.0
65	29	31.0
65	33	45.0
65	34	149.0
65	48	34.0
65	49	92.0
65	50	70.0
65	51	31.0
65	52	28.0
65	68	26.0
65	69	31.0
65	134	9.0
65	135	16.0
65	148	146.0
65	150	43.0
65	156	243.0
65	208	2.0
65	209	111.0
65	210	35.0
65	224	9.0
65	225	46.0
65	235	51.0
65	236	89.0
65	255	31.0
66	21	23.0
66	29	36.0
66	30	84.0
66	34	25.0
66	35	44.0
66	36	51.0
66	49	24.0
66	52	9.0
66	53	27.0
66	54	33.0
66	55	40.0
66	56	14.0
66	68	7.0
66	69	72.0
66	90	15.0
66	135	11.0
66	144	19.0
66	145	23.0
66	149	57.0
66	150	20.0
66	155	6.0
66	156	15.0
66	176	6.0
66	207	14.0
66	208	142.0
66	209	37.0
66	224	12.0
66	225	92.0
66	235	120.0
66	236	112.0
66	237	4.0
66	250	55.0
66	251	27.0
66	252	18.0
66	253	25.0
66	254	23.0
67	20	60.0
67	21	130.0
67	22	115.0
67	23	141.0
67	24	57.0
67	25	13.0
67	31	69.0
67	35	44.0
67	36	34.0
67	56	13.0
67	57	23.0
67	58	25.0
67	59	41.0
67	69	27.0
67	90	46.0
67	91	116.0
67	92	26.0
67	127	34.0
67	128	36.0
67	144	70.0
67	145	20.0
67	147	118.0
67	148	46.0
67	155	34.0
67	156	57.0
67	175	16.0
67	207	135.0
67	208	29.0
67	235	38.0
67	236	62.0
67	237	178.0
67	238	25.0
68	20	10.0
68	21	37.0
68	22	33.0
68	23	76.0
68	24	75.0
68	25	115.0
68	26	113.0
68	27	106.0
68	28	117.0
68	29	95.0
68	30	29.0
68	34	79.0
68	91	110.0
68	92	170.0
68	93	6.0
68	128	99.0
68	129	6.0
68	144	68.0
68	155	19.0
68	156	78.0
68	161	10.0
68	165	11.0
68	166	13.0
68	175	18.0
68	205	66.0
68	206	130.0
68	207	2.0
68	235	89.0
68	236	167.0
68	237	139.0
68	249	37.0
68	250	14.0
69	29	28.0
69	30	128.0
69	31	176.0
69	92	115.0
69	93	157.0
69	144	58.0
69	156	108.0
69	161	14.0
69	165	45.0
69	166	11.0
69	174	61.0
69	204	27.0
69	205	148.0
69	206	11.0
69	233	9.0
69	234	116.0
69	235	129.0
69	236	172.0
69	237	25.0
69	248	27.0
69	249	118.0
69	250	15.0
70	93	144.0
70	94	133.0
70	143	38.0
70	144	25.0
70	156	195.0
70	157	5.0
70	161	9.0
70	165	115.0
70	173	71.0
70	174	72.0
70	203	28.0
70	204	97.0
70	207	43.0
70	208	29.0
70	232	62.0
70	233	238.0
70	234	65.0
70	235	31.0
70	236	11.0
70	247	18.0
70	248	131.0
70	249	58.0
71	93	69.0
71	94	76.0
71	143	73.0
71	156	144.0
71	157	8.0
71	165	13.0
71	174	49.0
71	175	12.0
71	202	42.0
71	203	109.0
71	207	28.0
71	231	151.0
71	232	174.0
71	233	26.0
71	235	46.0
71	247	91.0
71	248	102.0
72	139	56.0
72	143	52.0
72	154	28.0
72	155	20.0
72	156	107.0
72	157	11.0
72	158	25.0
72	174	71.0
72	175	49.0
72	179	54.0
72	201	44.0
72	202	104.0
72	229	15.0
72	230	348.0
72	231	83.0
72	232	15.0
72	241	5.0
72	247	141.0
72	248	20.0
72	252	48.0
73	0	51.0
73	1	38.0
73	2	51.0
73	3	68.0
73	4	51.0
73	5	68.0
73	6	83.0
73	7	69.0
73	8	68.0
73	9	54.0
73	10	62.0
73	11	51.0
73	12	50.0
73	13	57.0
73	14	59.0
73	15	49.0
73	16	35.0
73	17	38.0
73	138	61.0
73	139	70.0
73	143	25.0
73	156	70.0
73	157	46.0
73	159	8.0
73	174	8.0
73	175	27.0
73	200	46.0
73	201	101.0
73	228	87.0
73	229	186.0
73	230	18.0
73	231	98.0
73	232	81.0
73	241	30.0
73	242	41.0
73	243	85.0
73	244	40.0
73	245	23.0
73	246	26.0
73	247	103.0
73	252	62.0
73	253	14.0
74	93	7.0
74	118	21.0
74	119	7.0
74	138	132.0
74	156	5.0
74	157	93.0
74	167	125.0
74	168	35.0
74	199	73.0
74	200	109.0
74	228	108.0
74	231	31.0
74	245	17.0
74	246	175.0
74	247	48.0
74	248	42.0
74	252	31.0
75	119	48.0
75	137	25.0
75	138	66.0
75	157	85.0
75	198	103.0
75	199	115.0
75	217	51.0
75	245	23.0
75	246	73.0
75	254	13.0
76	11	24.0
76	35	38.0
76	36	56.0
76	97	15.0
76	119	103.0
76	137	101.0
76	197	71.0
76	198	87.0
76	217	35.0
76	245	116.0
76	251	135.0
76	252	18.0
77	35	65.0
77	36	87.0
77	136	32.0
77	137	55.0
77	141	102.0
77	142	52.0
77	196	70.0
77	197	83.0
77	245	117.0
77	251	59.0
77	255	34.0
78	136	126.0
78	167	145.0
78	195	80.0
78	196	69.0
78	254	64.0
78	255	81.0
79	15	8.0
79	16	121.0
79	17	46.0
79	26	7.0
79	27	24.0
79	28	39.0
79	29	28.0
79	138	13.0
79	139	33.0
79	167	111.0
79	168	43.0
79	194	92.0
79	195	68.0
79	254	31.0
79	255	112.0
80	15	38.0
80	16	27.0
80	24	22.0
80	25	35.0
80	26	50.0
80	27	18.0
80	140	7.0
80	141	12.0
80	142	22.0
80	193	131.0
80	194	95.0
80	255	27.0
81	15	18.0
81	16	22.0
81	21	10.0
81	22	46.0
81	23	64.0
81	24	29.0
81	119	50.0
81	192	170.0
81	193	103.0
82	16	28.0
82	19	44.0
82	20	105.0
82	21	58.0
82	48	41.0
82	49	6.0
82	93	70.0
82	119	25.0
82	160	8.0
82	186	10.0
82	187	9.0
82	191	113.0
82	192	58.0
83	16	97.0
83	17	104.0
83	18	82.0
83	19	9.0
83	48	34.0
83	49	31.0
83	50	26.0
83	93	127.0
83	185	23.0
83	190	104.0
83	191	45.0
84	13	14.0
84	14	49.0
84	15	50.0
84	16	24.0
84	140	37.0
84	141	16.0
84	178	29.0
84	185	30.0
84	189	111.0
84	190	39.0
84	210	50.0
84	211	23.0
84	219	10.0
85	11	32.0
85	12	51.0
85	13	126.0
85	37	16.0
85	133	13.0
85	140	65.0
85	141	80.0
85	152	25.0
85	178	54.0
85	179	55.0
85	181	27.0
85	182	26.0
85	185	64.0
85	186	40.0
85	187	49.0
85	188	132.0
85	189	32.0
85	210	23.0
85	211	18.0
85	218	137.0
85	219	24.0
85	220	31.0
85	221	19.0
85	246	42.0
85	247	61.0
85	248	41.0
85	249	5.0
86	72	10.0
86	140	19.0
86	141	136.0
86	142	55.0
86	152	50.0
86	179	22.0
86	180	13.0
86	181	17.0
86	183	11.0
86	184	31.0
86	185	17.0
86	187	129.0
86	188	20.0
86	218	9.0
86	219	118.0
86	220	43.0
86	221	18.0
86	238	83.0
86	239	16.0
86	243	66.0
86	244	78.0
86	245	59.0
86	246	45.0
86	247	16.0
87	72	26.0
87	141	73.0
87	142	154.0
87	185	66.0
87	186	197.0
87	187	19.0
87	219	46.0
87	220	42.0
87	221	17.0
87	222	21.0
87	223	33.0
87	224	64.0
87	225	53.0
87	226	18.0
87	227	16.0
87	228	7.0
87	238	30.0
87	239	21.0
87	240	27.0
87	241	277.0
87	242	114.0
87	243	101.0
87	244	51.0
87	253	12.0
88	142	131.0
88	143	102.0
88	184	29.0
88	185	140.0
88	186	82.0
88	228	6.0
88	229	19.0
88	230	28.0
88	231	90.0
88	232	33.0
88	233	37.0
88	234	26.0
88	235	19.0
88	237	46.0
88	238	71.0
88	239	80.0
88	240	47.0
88	241	55.0
88	253	70.0
88	254	19.0
89	68	83.0
89	69	86.0
89	142	16.0
89	143	175.0
89	144	25.0
89	183	41.0
89	184	171.0
89	185	51.0
89	200	12.0
89	234	9.0
89	235	75.0
89	236	128.0
89	237	168.0
89	242	76.0
89	243	111.0
90	43	66.0
90	44	102.0
90	48	13.0
90	68	113.0
90	69	370.0
90	70	283.0
90	71	14.0
90	143	78.0
90	144	116.0
90	182	38.0
90	183	120.0
90	184	1.0
90	185	12.0
90	199	13.0
90	232	77.0
90	233	93.0
90	234	111.0
90	246	8.0
91	43	59.0
91	44	63.0
91	67	22.0
91	69	57.0
91	70	313.0
91	71	411.0
91	72	56.0
91	144	141.0
91	145	70.0
91	167	9.0
91	168	55.0
91	181	57.0
91	182	101.0
91	184	12.0
91	199	68.0
91	205	12.0
91	206	6.0
91	231	25.0
91	245	41.0
91	246	27.0
91	252	29.0
91	253	66.0
92	71	48.0
92	72	393.0
92	131	20.0
92	132	41.0
92	144	20.0
92	145	214.0
92	180	50.0
92	181	85.0
92	183	14.0
92	198	5.0
92	199	65.0
92	245	23.0
92	246	12.0
92	253	70.0
93	21	16.0
93	22	34.0
93	23	30.0
93	24	12.0
93	112	18.0
93	132	16.0
93	145	68.0
93	146	117.0
93	171	11.0
93	179	91.0
93	180	95.0
93	183	17.0
93	253	31.0
93	254	28.0
94	23	17.0
94	24	44.0
94	25	47.0
94	26	20.0
94	67	38.0
94	91	39.0
94	92	47.0
94	112	30.0
94	133	8.0
94	134	13.0
94	146	220.0
94	147	25.0
94	178	108.0
94	179	170.0
94	196	7.0
94	198	11.0
94	217	28.0
94	218	57.0
94	253	40.0
94	254	109.0
95	26	27.0
95	27	56.0
95	28	68.0
95	29	4.0
95	66	40.0
95	67	9.0
95	92	31.0
95	134	17.0
95	146	7.0
95	147	194.0
95	168	29.0
95	177	93.0
95	178	77.0
95	196	47.0
95	197	23.0
95	217	39.0
95	218	91.0
95	236	31.0
95	237	66.0
95	238	43.0
95	253	40.0
95	254	112.0
96	3	56.0
96	28	23.0
96	29	43.0
96	30	56.0
96	31	20.0
96	54	21.0
96	65	74.0
96	66	39.0
96	92	7.0
96	93	16.0
96	124	2.0
96	125	147.0
96	126	91.0
96	127	34.0
96	128	25.0
96	147	93.0
96	148	89.0
96	161	36.0
96	167	15.0
96	176	116.0
96	177	75.0
96	185	47.0
96	186	54.0
96	196	18.0
96	197	3.0
96	217	30.0
96	218	120.0
96	237	47.0
96	238	65.0
96	255	56.0
97	3	181.0
97	4	79.0
97	31	35.0
97	32	61.0
97	33	38.0
97	54	30.0
97	64	10.0
97	65	44.0
97	90	20.0
97	91	39.0
97	92	31.0
97	93	6.0
97	94	108.0
97	95	33.0
97	100	20.0
97	101	8.0
97	113	11.0
97	123	22.0
97	124	32.0
97	125	13.0
97	136	75.0
97	148	208.0
97	161	53.0
97	167	58.0
97	175	144.0
97	176	51.0
97	185	98.0
97	186	186.0
97	195	70.0
97	196	27.0
97	217	28.0
97	218	105.0
97	255	142.0
98	3	35.0
98	4	157.0
98	5	23.0
98	27	3.0
98	32	11.0
98	33	8.0
98	34	54.0
98	35	100.0
98	36	19.0
98	54	27.0
98	64	73.0
98	90	5.0
98	93	54.0
98	94	85.0
98	95	82.0
98	100	74.0
98	101	55.0
98	113	33.0
98	125	24.0
98	126	59.0
98	127	33.0
98	136	59.0
98	147	16.0
98	148	5.0
98	149	204.0
98	160	34.0
98	161	18.0
98	165	57.0
98	166	114.0
98	167	72.0
98	174	97.0
98	175	41.0
98	194	24.0
98	195	89.0
98	196	18.0
98	217	8.0
98	218	103.0
98	255	43.0
99	4	39.0
99	5	150.0
99	30	47.0
99	31	55.0
99	32	17.0
99	36	26.0
99	37	48.0
99	38	45.0
99	54	62.0
99	55	18.0
99	63	85.0
99	94	6.0
99	95	18.0
99	118	10.0
99	126	17.0
99	127	65.0
99	128	49.0
99	136	29.0
99	137	17.0
99	147	132.0
99	148	83.0
99	149	66.0
99	165	14.0
99	172	22.0
99	173	172.0
99	174	26.0
99	194	9.0
99	195	33.0
99	218	113.0
99	232	16.0
100	5	69.0
100	6	90.0
100	30	132.0
100	31	79.0
100	38	6.0
100	39	45.0
100	40	50.0
100	41	21.0
100	54	44.0
100	55	18.0
100	63	16.0
100	117	31.0
100	118	131.0
100	119	5.0
100	127	32.0
100	128	47.0
100	129	67.0
100	130	47.0
100	131	32.0
100	136	85.0
100	137	59.0
100	138	40.0
100	139	28.0
100	157	26.0
100	171	16.0
100	172	129.0
100	173	43.0
100	211	6.0
100	212	57.0
100	214	18.0
100	215	33.0
100	218	102.0
101	6	158.0
101	7	13.0
101	23	34.0
101	27	34.0
101	28	14.0
101	29	41.0
101	30	53.0
101	41	24.0
101	42	67.0
101	43	53.0
101	44	7.0
101	48	40.0
101	49	38.0
101	52	61.0
101	54	30.0
101	55	83.0
101	118	181.0
101	119	88.0
101	131	40.0
101	136	31.0
101	137	82.0
101	138	31.0
101	154	12.0
101	155	25.0
101	156	38.0
101	157	37.0
101	170	25.0
101	171	136.0
101	172	20.0
101	210	50.0
101	211	30.0
101	215	108.0
101	216	111.0
101	218	137.0
102	7	117.0
102	26	20.0
102	27	103.0
102	28	157.0
102	29	152.0
102	30	91.0
102	31	42.0
102	32	1.0
102	44	55.0
102	45	50.0
102	46	44.0
102	47	118.0
102	48	363.0
102	49	311.0
102	50	35.0
102	52	73.0
102	53	64.0
102	55	21.0
102	96	17.0
102	119	154.0
102	154	155.0
102	155	16.0
102	157	15.0
102	169	53.0
102	170	134.0
102	171	21.0
102	215	15.0
102	218	158.0
103	1	13.0
103	27	57.0
103	28	92.0
103	29	69.0
103	30	148.0
103	31	152.0
103	32	188.0
103	33	185.0
103	34	150.0
103	35	100.0
103	36	48.0
103	46	40.0
103	47	243.0
103	48	662.0
103	49	422.0
103	50	43.0
103	52	24.0
103	73	10.0
103	119	194.0
103	120	198.0
103	154	52.0
103	155	6.0
103	157	145.0
103	164	24.0
103	168	52.0
103	169	191.0
103	170	13.0
103	180	20.0
103	181	68.0
104	0	7.0
104	1	36.0
104	2	17.0
104	26	25.0
104	27	48.0
104	33	29.0
104	34	75.0
104	35	153.0
104	36	222.0
104	37	173.0
104	38	158.0
104	39	132.0
104	40	27.0
104	47	26.0
104	48	148.0
104	49	136.0
104	50	150.0
104	51	70.0
104	120	96.0
104	155	37.0
104	157	39.0
104	158	27.0
104	159	28.0
104	164	44.0
104	167	76.0
104	168	126.0
104	169	8.0
104	170	8.0
104	171	8.0
104	172	12.0
104	180	25.0
104	181	52.0
104	222	104.0
104	223	37.0
105	25	22.0
105	26	54.0
105	39	72.0
105	40	155.0
105	41	226.0
105	42	184.0
105	43	61.0
105	52	44.0
105	53	50.0
105	54	10.0
105	128	19.0
105	159	10.0
105	164	54.0
105	166	77.0
105	167	164.0
105	181	60.0
105	182	26.0
105	183	27.0
105	221	159.0
105	222	156.0
106	24	20.0
106	25	78.0
106	44	37.0
106	54	31.0
106	55	70.0
106	56	57.0
106	100	17.0
106	101	72.0
106	122	19.0
106	123	10.0
106	128	33.0
106	129	38.0
106	145	27.0
106	164	42.0
106	165	77.0
106	166	129.0
106	180	16.0
106	220	114.0
106	221	146.0
106	227	10.0
107	23	42.0
107	24	106.0
107	101	85.0
107	102	8.0
107	122	36.0
107	164	111.0
107	165	101.0
107	219	83.0
107	220	133.0
108	23	80.0
108	24	82.0
108	101	47.0
108	102	46.0
108	122	21.0
108	163	133.0
108	164	115.0
108	218	98.0
108	219	128.0
108	238	48.0
108	239	11.0
109	11	12.0
109	22	66.0
109	23	11.0
109	24	18.0
109	25	89.0
109	102	78.0
109	121	29.0
109	161	15.0
109	162	181.0
109	163	75.0
109	207	6.0
109	217	82.0
109	218	189.0
109	238	38.0
109	239	68.0
110	21	85.0
110	22	14.0
110	25	55.0
110	102	162.0
110	120	47.0
110	121	123.0
110	122	37.0
110	123	9.0
110	160	7.0
110	161	166.0
110	162	101.0
110	207	98.0
110	208	25.0
110	237	27.0
110	239	36.0
111	20	105.0
111	21	26.0
111	50	44.0
111	51	60.0
111	102	73.0
111	103	59.0
111	121	51.0
111	122	72.0
111	123	66.0
111	124	96.0
111	125	88.0
111	126	35.0
111	133	26.0
111	134	126.0
111	135	23.0
111	159	76.0
111	160	187.0
111	161	53.0
111	179	10.0
111	207	18.0
111	208	39.0
111	236	13.0
111	237	60.0
111	239	63.0
112	19	58.0
112	20	21.0
112	50	119.0
112	51	90.0
112	103	138.0
112	121	22.0
112	122	34.0
112	125	13.0
112	126	73.0
112	127	104.0
112	128	110.0
112	129	72.0
112	130	27.0
112	134	132.0
112	135	209.0
112	158	20.0
112	159	187.0
112	160	45.0
112	178	28.0
112	179	94.0
112	180	18.0
112	207	20.0
112	236	39.0
112	237	17.0
112	240	17.0
113	8	14.0
113	18	56.0
113	19	23.0
113	22	22.0
113	49	48.0
113	50	205.0
113	51	36.0
113	103	147.0
113	129	10.0
113	130	133.0
113	131	93.0
113	135	161.0
113	136	193.0
113	145	25.0
113	157	17.0
113	158	128.0
113	159	56.0
113	178	84.0
113	179	56.0
113	207	16.0
113	236	47.0
113	240	12.0
114	8	42.0
114	9	77.0
114	17	66.0
114	18	46.0
114	22	53.0
114	25	10.0
114	49	178.0
114	50	178.0
114	80	12.0
114	103	44.0
114	130	66.0
114	136	215.0
114	137	145.0
114	156	37.0
114	157	122.0
114	158	9.0
114	177	55.0
114	178	51.0
114	236	34.0
114	237	23.0
114	249	25.0
114	250	31.0
114	251	10.0
115	8	22.0
115	9	22.0
115	16	40.0
115	17	54.0
115	22	50.0
115	23	76.0
115	25	117.0
115	26	34.0
115	29	20.0
115	48	23.0
115	49	252.0
115	50	64.0
115	122	232.0
115	123	32.0
115	124	4.0
115	125	7.0
115	130	21.0
115	131	46.0
115	137	261.0
115	155	32.0
115	156	139.0
115	157	16.0
115	175	61.0
115	176	43.0
115	177	73.0
115	214	12.0
115	227	19.0
115	228	58.0
115	234	54.0
115	235	57.0
115	236	28.0
115	237	98.0
115	249	33.0
116	15	18.0
116	16	73.0
116	22	13.0
116	23	112.0
116	24	39.0
116	48	124.0
116	49	179.0
116	62	24.0
116	63	14.0
116	124	34.0
116	125	45.0
116	131	51.0
116	154	57.0
116	155	110.0
116	174	8.0
116	175	52.0
116	176	104.0
116	227	32.0
116	228	34.0
116	234	27.0
116	235	73.0
116	237	38.0
116	238	15.0
116	239	19.0
116	240	6.0
116	249	10.0
117	14	21.0
117	15	80.0
117	23	61.0
117	24	9.0
117	47	15.0
117	48	250.0
117	49	46.0
117	61	76.0
117	62	54.0
117	126	68.0
117	131	11.0
117	153	57.0
117	154	122.0
117	174	53.0
117	175	140.0
117	191	15.0
117	226	54.0
117	227	98.0
117	228	74.0
117	229	44.0
117	230	4.0
117	235	56.0
117	250	8.0
118	12	9.0
118	14	70.0
118	23	66.0
118	24	21.0
118	38	71.0
118	39	25.0
118	47	126.0
118	48	235.0
118	61	7.0
118	98	66.0
118	99	85.0
118	126	33.0
118	127	40.0
118	152	104.0
118	153	94.0
118	174	124.0
118	175	32.0
118	226	27.0
118	227	77.0
118	228	38.0
118	229	60.0
118	230	86.0
118	231	127.0
118	232	113.0
118	233	101.0
118	234	45.0
118	235	27.0
118	251	42.0
118	252	23.0
119	12	183.0
119	13	179.0
119	23	23.0
119	24	12.0
119	37	15.0
119	38	103.0
119	39	18.0
119	47	288.0
119	48	47.0
119	97	92.0
119	98	13.0
119	127	82.0
119	128	22.0
119	151	94.0
119	152	114.0
119	173	86.0
119	174	18.0
119	175	35.0
119	233	22.0
119	234	105.0
119	235	121.0
119	236	112.0
119	237	137.0
119	238	31.0
119	251	26.0
119	252	75.0
120	11	21.0
120	12	593.0
120	13	297.0
120	17	102.0
120	24	45.0
120	36	81.0
120	37	53.0
120	46	102.0
120	47	217.0
120	97	29.0
120	150	172.0
120	151	105.0
120	172	66.0
120	173	36.0
120	175	34.0
120	214	28.0
120	215	60.0
120	238	34.0
120	239	5.0
120	242	6.0
121	11	82.0
121	12	584.0
121	13	379.0
121	17	87.0
121	46	258.0
121	47	38.0
121	52	27.0
121	53	22.0
121	134	10.0
121	135	44.0
121	136	19.0
121	149	112.0
121	150	76.0
121	172	47.0
121	175	8.0
121	176	28.0
121	214	54.0
121	215	45.0
122	10	69.0
122	11	23.0
122	12	477.0
122	13	462.0
122	15	6.0
122	17	33.0
122	28	38.0
122	29	52.0
122	30	11.0
122	34	46.0
122	35	121.0
122	45	96.0
122	46	246.0
122	52	50.0
122	53	26.0
122	113	27.0
122	135	21.0
122	136	79.0
122	137	69.0
122	148	128.0
122	149	48.0
122	159	15.0
122	176	42.0
122	213	7.0
122	214	35.0
122	237	28.0
122	238	109.0
122	239	6.0
123	8	16.0
123	9	63.0
123	10	29.0
123	12	143.0
123	13	553.0
123	18	35.0
123	28	2.0
123	29	38.0
123	30	70.0
123	31	84.0
123	32	44.0
123	33	35.0
123	34	25.0
123	45	263.0
123	46	15.0
123	51	39.0
123	52	37.0
123	53	8.0
123	113	32.0
123	137	14.0
123	138	81.0
123	139	68.0
123	146	12.0
123	147	130.0
123	148	48.0
123	156	22.0
123	157	10.0
123	158	49.0
123	159	216.0
123	160	48.0
123	185	132.0
123	214	25.0
123	215	12.0
123	237	132.0
123	238	192.0
124	8	45.0
124	9	67.0
124	16	16.0
124	18	65.0
124	33	55.0
124	34	132.0
124	35	122.0
124	44	79.0
124	45	223.0
124	52	13.0
124	53	28.0
124	139	15.0
124	140	73.0
124	141	49.0
124	145	27.0
124	146	144.0
124	147	36.0
124	155	31.0
124	185	107.0
124	215	51.0
124	216	30.0
124	225	12.0
124	237	218.0
124	238	79.0
124	247	5.0
125	8	57.0
125	17	15.0
125	44	345.0
125	79	20.0
125	117	31.0
125	132	21.0
125	133	30.0
125	140	5.0
125	141	22.0
125	144	37.0
125	145	153.0
125	146	54.0
125	185	54.0
125	217	3.0
125	225	16.0
125	236	48.0
125	237	207.0
125	246	15.0
125	247	15.0
126	8	43.0
126	21	14.0
126	39	8.0
126	43	74.0
126	44	184.0
126	78	11.0
126	79	41.0
126	98	15.0
126	99	20.0
126	116	8.0
126	117	59.0
126	128	19.0
126	143	48.0
126	144	163.0
126	145	16.0
126	146	7.0
126	152	6.0
126	178	29.0
126	225	4.0
126	226	12.0
126	230	19.0
126	231	26.0
126	236	200.0
126	237	93.0
126	246	61.0
127	8	28.0
127	38	19.0
127	39	122.0
127	43	238.0
127	78	16.0
127	79	31.0
127	98	29.0
127	99	87.0
127	100	90.0
127	101	17.0
127	116	43.0
127	117	35.0
127	126	31.0
127	127	23.0
127	128	35.0
127	129	40.0
127	142	50.0
127	143	127.0
127	144	12.0
127	146	20.0
127	152	12.0
127	177	35.0
127	178	71.0
127	231	48.0
127	232	9.0
127	236	280.0
127	245	75.0
127	246	50.0
127	250	23.0
127	251	25.0
128	7	46.0
128	8	25.0
128	39	26.0
128	43	180.0
128	78	20.0
128	79	37.0
128	99	11.0
128	100	59.0
128	101	129.0
128	102	87.0
128	103	25.0
128	116	81.0
128	126	50.0
128	127	24.0
128	128	37.0
128	129	64.0
128	130	91.0
128	141	81.0
128	142	107.0
128	143	8.0
128	144	31.0
128	145	15.0
128	146	30.0
128	178	57.0
128	203	23.0
128	204	20.0
128	205	33.0
128	206	48.0
128	207	33.0
128	208	47.0
128	209	42.0
128	210	49.0
128	211	45.0
128	212	36.0
128	213	71.0
128	214	28.0
128	215	43.0
128	216	34.0
128	217	28.0
128	218	40.0
128	219	12.0
128	232	56.0
128	235	123.0
128	236	169.0
128	250	68.0
128	251	158.0
128	252	175.0
128	253	106.0
128	254	30.0
129	7	64.0
129	15	40.0
129	16	24.0
129	78	31.0
129	79	24.0
129	87	8.0
129	88	44.0
129	89	21.0
129	98	29.0
129	99	119.0
129	100	12.0
129	102	46.0
129	103	145.0
129	104	90.0
129	116	72.0
129	130	15.0
129	131	53.0
129	132	16.0
129	140	111.0
129	141	128.0
129	142	27.0
129	143	15.0
129	147	13.0
129	149	16.0
129	150	100.0
129	151	30.0
129	152	33.0
129	153	13.0
129	174	40.0
129	175	48.0
129	189	16.0
129	190	22.0
129	191	25.0
129	192	34.0
129	193	30.0
129	194	54.0
129	195	52.0
129	196	25.0
129	197	34.0
129	198	34.0
129	199	27.0
129	200	27.0
129	201	19.0
129	202	12.0
129	203	19.0
129	204	9.0
129	208	49.0
129	209	51.0
129	210	60.0
129	211	64.0
129	232	7.0
129	233	44.0
129	235	312.0
129	244	32.0
129	245	51.0
129	246	95.0
129	247	108.0
129	248	234.0
129	249	143.0
129	250	140.0
129	251	67.0
129	252	73.0
129	253	145.0
129	254	203.0
129	255	236.0
130	7	42.0
130	15	88.0
130	16	29.0
130	23	7.0
130	76	20.0
130	78	41.0
130	79	16.0
130	87	68.0
130	88	56.0
130	90	25.0
130	91	23.0
130	92	28.0
130	98	96.0
130	99	39.0
130	104	30.0
130	105	133.0
130	106	148.0
130	115	43.0
130	116	24.0
130	132	64.0
130	133	44.0
130	139	205.0
130	140	153.0
130	147	6.0
130	148	36.0
130	149	85.0
130	150	33.0
130	151	26.0
130	153	11.0
130	154	145.0
130	155	27.0
130	174	115.0
130	175	308.0
130	176	230.0
130	177	29.0
130	197	32.0
130	198	44.0
130	199	58.0
130	200	143.0
130	201	78.0
130	202	85.0
130	203	84.0
130	204	98.0
130	205	116.0
130	206	62.0
130	207	59.0
130	208	59.0
130	233	48.0
130	234	40.0
130	235	283.0
130	236	28.0
130	237	42.0
130	238	68.0
130	239	146.0
130	240	103.0
130	241	96.0
130	242	97.0
130	243	95.0
130	244	95.0
130	245	43.0
130	246	18.0
130	254	30.0
130	255	17.0
131	7	103.0
131	15	135.0
131	62	7.0
131	75	9.0
131	76	17.0
131	78	45.0
131	93	13.0
131	107	121.0
131	115	94.0
131	133	38.0
131	134	66.0
131	137	14.0
131	138	153.0
131	139	65.0
131	149	32.0
131	150	27.0
131	174	18.0
131	175	113.0
131	176	300.0
131	177	431.0
131	178	218.0
131	179	5.0
131	185	28.0
131	186	28.0
131	187	38.0
131	188	48.0
131	189	49.0
131	190	70.0
131	191	70.0
131	192	85.0
131	193	75.0
131	194	59.0
131	195	72.0
131	196	47.0
131	197	31.0
131	198	21.0
131	200	21.0
131	233	36.0
131	234	109.0
131	235	88.0
131	236	62.0
131	237	52.0
131	238	41.0
131	239	84.0
132	15	197.0
132	75	41.0
132	78	29.0
132	115	127.0
132	134	16.0
132	135	54.0
132	136	21.0
132	137	152.0
132	138	142.0
132	175	25.0
132	176	30.0
132	177	99.0
132	178	373.0
132	179	623.0
132	180	320.0
132	181	63.0
132	182	73.0
132	183	85.0
132	184	53.0
132	185	88.0
132	186	38.0
132	187	21.0
132	193	26.0
132	194	69.0
132	197	20.0
132	198	37.0
132	228	29.0
132	238	19.0
132	239	8.0
133	15	117.0
133	60	5.0
133	75	18.0
133	114	68.0
133	115	59.0
133	135	23.0
133	136	213.0
133	137	48.0
133	161	21.0
133	164	49.0
133	165	61.0
133	166	53.0
133	167	59.0
133	168	64.0
133	169	68.0
133	170	57.0
133	171	48.0
133	172	56.0
133	173	49.0
133	174	68.0
133	175	74.0
133	176	40.0
133	177	23.0
133	178	11.0
133	193	77.0
133	194	110.0
133	220	23.0
133	228	38.0
133	229	24.0
133	236	28.0
133	237	6.0
133	255	15.0
134	14	20.0
134	15	77.0
134	60	37.0
134	74	37.0
134	83	62.0
134	84	105.0
134	134	32.0
134	135	172.0
134	136	24.0
134	137	32.0
134	152	50.0
134	153	22.0
134	154	18.0
134	155	17.0
134	156	23.0
134	157	41.0
134	158	64.0
134	159	76.0
134	160	60.0
134	161	49.0
134	162	61.0
134	163	47.0
134	164	95.0
134	165	119.0
134	166	57.0
134	167	136.0
134	168	67.0
134	169	17.0
134	193	140.0
134	194	77.0
134	215	6.0
134	216	18.0
134	220	78.0
134	221	85.0
134	229	51.0
134	235	48.0
135	2	25.0
135	3	90.0
135	9	10.0
135	14	116.0
135	15	8.0
135	74	14.0
135	83	16.0
135	84	19.0
135	133	52.0
135	134	130.0
135	135	19.0
135	152	88.0
135	153	59.0
135	154	41.0
135	155	34.0
135	156	31.0
135	157	32.0
135	158	34.0
135	159	29.0
135	167	26.0
135	193	163.0
135	194	13.0
135	215	8.0
135	216	36.0
135	230	47.0
135	237	22.0
136	3	6.0
136	67	20.0
136	68	78.0
136	73	19.0
136	132	70.0
136	133	182.0
136	134	7.0
136	144	26.0
136	145	12.0
136	193	186.0
136	230	82.0
136	231	52.0
137	10	28.0
137	11	10.0
137	67	36.0
137	68	59.0
137	131	101.0
137	132	113.0
137	133	14.0
137	144	102.0
137	159	13.0
137	160	33.0
137	161	59.0
137	162	59.0
137	193	191.0
137	211	45.0
137	224	12.0
137	225	29.0
137	231	87.0
137	238	147.0
138	9	7.0
138	10	83.0
138	67	60.0
138	68	50.0
138	130	86.0
138	131	115.0
138	144	29.0
138	159	17.0
138	162	9.0
138	175	15.0
138	192	32.0
138	193	130.0
138	223	21.0
138	224	21.0
138	230	49.0
138	231	54.0
138	232	49.0
138	253	25.0
139	9	74.0
139	10	24.0
139	115	13.0
139	116	60.0
139	117	15.0
139	129	114.0
139	130	65.0
139	164	36.0
139	165	28.0
139	192	67.0
139	220	32.0
139	221	31.0
139	222	20.0
139	232	18.0
139	251	3.0
139	252	33.0
139	253	110.0
139	254	36.0
140	6	13.0
140	8	22.0
140	9	87.0
140	103	17.0
140	115	6.0
140	116	73.0
140	117	71.0
140	125	13.0
140	128	128.0
140	129	101.0
140	214	54.0
140	215	9.0
140	219	23.0
140	220	36.0
140	251	31.0
140	252	23.0
141	8	125.0
141	85	87.0
141	86	58.0
141	103	69.0
141	117	58.0
141	118	34.0
141	127	147.0
141	128	71.0
141	214	31.0
141	217	29.0
141	218	26.0
142	7	118.0
142	8	91.0
142	45	7.0
142	103	99.0
142	118	50.0
142	119	33.0
142	126	118.0
142	127	52.0
142	179	13.0
142	210	19.0
142	213	23.0
142	216	63.0
142	217	115.0
142	218	13.0
143	7	132.0
143	83	9.0
143	84	23.0
143	119	60.0
143	120	33.0
143	124	10.0
143	125	126.0
143	126	37.0
143	152	5.0
143	210	105.0
143	211	15.0
143	212	9.0
143	213	14.0
143	218	87.0
143	219	182.0
143	220	25.0
144	6	41.0
144	60	32.0
144	61	38.0
144	77	80.0
144	78	17.0
144	83	11.0
144	120	76.0
144	121	48.0
144	123	20.0
144	124	151.0
144	125	33.0
144	152	18.0
144	212	48.0
144	218	14.0
144	219	191.0
144	220	254.0
144	221	18.0
145	59	32.0
145	60	101.0
145	61	25.0
145	77	30.0
145	121	96.0
145	122	56.0
145	123	132.0
145	124	36.0
145	152	7.0
145	153	24.0
145	154	27.0
145	155	73.0
145	176	30.0
145	177	23.0
145	211	14.0
145	220	117.0
145	221	287.0
145	222	16.0
145	239	40.0
145	240	38.0
145	241	32.0
146	25	27.0
146	59	138.0
146	60	81.0
146	82	10.0
146	119	7.0
146	121	39.0
146	122	286.0
146	123	55.0
146	153	25.0
146	154	37.0
146	155	22.0
146	176	2.0
146	211	69.0
146	216	38.0
146	221	46.0
146	222	314.0
146	223	38.0
146	239	9.0
146	240	30.0
146	241	86.0
146	242	69.0
146	243	78.0
146	244	63.0
146	245	24.0
147	1	18.0
147	2	91.0
147	3	30.0
147	58	72.0
147	59	97.0
147	81	14.0
147	86	10.0
147	109	22.0
147	119	53.0
147	120	81.0
147	121	177.0
147	122	16.0
147	123	78.0
147	124	34.0
147	127	16.0
147	174	32.0
147	210	25.0
147	223	131.0
147	244	28.0
147	245	63.0
147	246	109.0
147	247	93.0
147	248	160.0
147	249	30.0
147	250	1.0
148	1	324.0
148	2	1151.0
148	3	853.0
148	4	24.0
148	57	70.0
148	58	168.0
148	80	7.0
148	90	97.0
148	91	7.0
148	109	21.0
148	119	77.0
148	120	192.0
148	121	32.0
148	124	76.0
148	125	34.0
148	127	26.0
148	128	23.0
148	161	24.0
148	174	117.0
148	175	24.0
148	242	10.0
148	248	11.0
148	249	119.0
148	250	159.0
148	251	86.0
148	252	86.0
148	253	61.0
149	0	13.0
149	1	292.0
149	2	1124.0
149	3	837.0
149	4	51.0
149	45	16.0
149	46	11.0
149	57	147.0
149	58	27.0
149	80	9.0
149	90	58.0
149	109	19.0
149	118	89.0
149	119	133.0
149	121	144.0
149	122	25.0
149	125	117.0
149	126	92.0
149	127	5.0
149	128	63.0
149	129	15.0
149	162	19.0
149	174	156.0
149	175	13.0
149	241	11.0
149	254	46.0
150	0	52.0
150	1	101.0
150	2	159.0
150	3	34.0
150	5	16.0
150	45	79.0
150	46	49.0
150	56	114.0
150	57	58.0
150	79	16.0
150	90	20.0
150	109	17.0
150	117	102.0
150	118	180.0
150	122	200.0
150	126	124.0
150	127	21.0
150	132	19.0
150	133	42.0
150	134	22.0
150	162	5.0
150	174	121.0
150	194	134.0
150	195	81.0
150	227	29.0
150	228	60.0
150	240	12.0
150	241	7.0
151	5	17.0
151	55	73.0
151	56	98.0
151	79	19.0
151	90	34.0
151	98	16.0
151	109	25.0
151	116	97.0
151	117	100.0
151	127	83.0
151	128	21.0
151	131	42.0
151	132	41.0
151	174	260.0
151	193	180.0
151	194	412.0
151	195	120.0
151	228	40.0
151	240	40.0
151	252	17.0
152	0	19.0
152	54	22.0
152	55	135.0
152	78	16.0
152	84	15.0
152	88	14.0
152	89	28.0
152	115	168.0
152	116	87.0
152	128	114.0
152	129	15.0
152	131	12.0
152	174	119.0
152	175	7.0
152	184	14.0
152	192	77.0
152	193	585.0
152	194	337.0
152	195	13.0
152	228	74.0
152	229	63.0
152	240	71.0
153	54	216.0
153	78	44.0
153	85	19.0
153	87	6.0
153	88	18.0
153	114	150.0
153	115	101.0
153	129	167.0
153	130	104.0
153	142	11.0
153	174	37.0
153	175	30.0
153	184	33.0
153	191	2.0
153	192	395.0
153	193	516.0
153	194	48.0
153	239	10.0
153	240	41.0
154	53	122.0
154	54	42.0
154	78	6.0
154	86	8.0
154	87	11.0
154	112	1.0
154	113	163.0
154	114	58.0
154	130	161.0
154	140	27.0
154	184	23.0
154	191	148.0
154	192	686.0
154	193	114.0
155	25	65.0
155	26	62.0
155	52	98.0
155	53	152.0
155	65	20.0
155	111	12.0
155	112	136.0
155	113	44.0
155	131	131.0
155	140	34.0
155	141	13.0
155	190	11.0
155	191	686.0
155	192	344.0
156	26	94.0
156	27	48.0
156	52	134.0
156	65	125.0
156	66	46.0
156	87	162.0
156	88	31.0
156	110	24.0
156	111	165.0
156	112	33.0
156	132	30.0
156	166	25.0
156	167	55.0
156	190	229.0
156	191	904.0
156	192	22.0
156	230	33.0
156	231	30.0
156	232	23.0
156	241	29.0
156	242	19.0
157	18	22.0
157	19	30.0
157	65	123.0
157	66	51.0
157	87	14.0
157	109	51.0
157	110	226.0
157	111	19.0
157	167	64.0
157	190	507.0
157	191	52.0
157	240	14.0
157	241	18.0
158	14	24.0
158	19	27.0
158	20	49.0
158	21	6.0
158	65	128.0
158	66	93.0
158	108	40.0
158	109	169.0
158	110	30.0
158	127	51.0
158	128	58.0
158	167	84.0
159	20	3.0
159	21	54.0
159	22	22.0
159	65	91.0
159	66	109.0
159	107	49.0
159	108	139.0
159	126	34.0
159	127	24.0
159	128	26.0
159	167	67.0
159	168	33.0
160	22	37.0
160	23	49.0
160	29	21.0
160	30	51.0
160	51	20.0
160	52	98.0
160	53	125.0
160	65	36.0
160	66	125.0
160	106	55.0
160	107	144.0
160	126	56.0
160	168	71.0
161	23	28.0
161	24	115.0
161	29	13.0
161	30	163.0
161	48	41.0
161	49	56.0
161	50	71.0
161	51	57.0
161	65	19.0
161	66	326.0
161	105	56.0
161	106	113.0
161	126	35.0
161	139	23.0
161	180	23.0
161	181	29.0
161	200	8.0
161	207	51.0
161	208	17.0
162	25	51.0
162	26	33.0
162	44	24.0
162	45	74.0
162	46	92.0
162	47	78.0
162	48	10.0
162	66	275.0
162	104	88.0
162	105	132.0
162	126	16.0
162	127	27.0
162	130	7.0
162	137	73.0
162	138	142.0
162	139	124.0
162	180	27.0
162	181	86.0
162	182	86.0
162	183	21.0
162	207	24.0
163	26	30.0
163	27	41.0
163	40	14.0
163	41	59.0
163	42	87.0
163	43	122.0
163	44	63.0
163	51	22.0
163	52	47.0
163	53	26.0
163	66	86.0
163	86	40.0
163	103	129.0
163	104	138.0
163	130	68.0
163	131	10.0
163	139	36.0
163	176	33.0
163	177	18.0
163	182	60.0
163	183	162.0
163	184	94.0
163	201	9.0
163	205	10.0
163	206	17.0
163	210	14.0
163	211	3.0
163	226	31.0
164	27	11.0
164	28	70.0
164	36	23.0
164	37	45.0
164	38	73.0
164	39	92.0
164	40	92.0
164	41	51.0
164	52	31.0
164	53	95.0
164	54	86.0
164	85	24.0
164	86	40.0
164	102	122.0
164	103	150.0
164	104	1.0
164	129	15.0
164	130	85.0
164	131	13.0
164	132	13.0
164	183	8.0
164	184	74.0
164	185	142.0
164	186	61.0
164	210	51.0
164	211	70.0
164	226	31.0
164	254	10.0
165	29	72.0
165	30	31.0
165	33	22.0
165	34	72.0
165	35	104.0
165	36	208.0
165	37	117.0
165	38	16.0
165	53	21.0
165	54	67.0
165	55	82.0
165	56	25.0
165	85	49.0
165	101	107.0
165	102	107.0
165	129	90.0
165	130	45.0
165	164	18.0
165	185	3.0
165	186	116.0
165	187	161.0
165	188	43.0
165	211	15.0
165	212	57.0
165	213	25.0
165	226	16.0
165	227	10.0
166	29	13.0
166	30	82.0
166	31	77.0
166	32	80.0
166	33	67.0
166	34	52.0
166	35	16.0
166	46	56.0
166	56	43.0
166	57	84.0
166	58	22.0
166	84	30.0
166	85	26.0
166	100	135.0
166	101	115.0
166	129	119.0
166	130	10.0
166	139	13.0
166	188	150.0
166	189	134.0
166	190	31.0
166	192	33.0
166	213	42.0
166	214	49.0
166	227	51.0
166	228	17.0
166	247	33.0
166	248	49.0
167	29	41.0
167	30	81.0
167	31	36.0
167	32	6.0
167	45	25.0
167	46	71.0
167	57	16.0
167	58	78.0
167	59	130.0
167	60	21.0
167	84	67.0
167	99	176.0
167	100	91.0
167	119	32.0
167	129	77.0
167	146	35.0
167	147	51.0
167	189	5.0
167	190	170.0
167	191	123.0
167	192	64.0
167	193	24.0
167	195	21.0
167	196	47.0
167	197	28.0
167	198	16.0
167	199	4.0
167	200	3.0
167	201	2.0
167	202	1.0
167	214	25.0
167	215	89.0
167	227	116.0
167	228	77.0
167	248	28.0
168	46	15.0
168	59	49.0
168	60	150.0
168	61	55.0
168	83	101.0
168	84	32.0
168	98	126.0
168	99	79.0
168	118	21.0
168	119	74.0
168	120	17.0
168	121	13.0
168	128	103.0
168	146	23.0
168	147	32.0
168	194	33.0
168	195	403.0
168	196	594.0
168	197	560.0
168	198	545.0
168	199	511.0
168	200	438.0
168	201	407.0
168	202	344.0
168	203	417.0
168	204	410.0
168	205	435.0
168	206	412.0
168	207	487.0
168	208	432.0
168	209	499.0
168	210	516.0
168	211	56.0
168	215	7.0
168	216	83.0
168	217	22.0
168	227	66.0
168	228	7.0
168	248	44.0
169	60	33.0
169	61	56.0
169	62	87.0
169	63	22.0
169	80	26.0
169	81	31.0
169	83	197.0
169	84	15.0
169	90	52.0
169	97	145.0
169	98	68.0
169	121	40.0
169	128	38.0
169	194	58.0
169	195	493.0
169	196	755.0
169	197	666.0
169	198	569.0
169	199	464.0
169	200	408.0
169	201	401.0
169	202	334.0
169	203	324.0
169	204	308.0
169	205	261.0
169	206	191.0
169	207	134.0
169	208	55.0
169	209	6.0
169	217	56.0
169	218	52.0
169	228	28.0
169	248	30.0
170	60	30.0
170	63	67.0
170	64	84.0
170	80	37.0
170	81	155.0
170	82	120.0
170	83	11.0
170	90	81.0
170	91	12.0
170	95	11.0
170	96	162.0
170	97	53.0
170	121	20.0
170	195	74.0
170	196	123.0
170	197	81.0
170	198	28.0
170	199	7.0
170	200	2.0
170	201	2.0
170	218	24.0
170	227	29.0
170	228	111.0
170	248	30.0
170	251	2.0
170	252	26.0
171	32	23.0
171	33	37.0
171	60	21.0
171	61	13.0
171	64	24.0
171	65	107.0
171	66	106.0
171	81	36.0
171	82	257.0
171	83	83.0
171	91	26.0
171	92	31.0
171	93	14.0
171	94	27.0
171	95	146.0
171	96	68.0
171	106	35.0
171	120	9.0
171	162	8.0
171	210	18.0
171	223	50.0
171	224	21.0
171	228	51.0
171	246	21.0
171	249	22.0
171	255	21.0
172	32	132.0
172	33	63.0
172	61	35.0
172	66	64.0
172	67	137.0
172	68	36.0
172	81	48.0
172	82	6.0
172	83	189.0
172	84	81.0
172	93	16.0
172	94	148.0
172	95	47.0
172	120	30.0
172	210	69.0
172	211	13.0
172	223	32.0
172	224	95.0
172	225	5.0
172	229	45.0
172	234	65.0
172	235	40.0
172	239	15.0
172	247	24.0
172	249	28.0
172	254	41.0
172	255	27.0
173	9	61.0
173	10	67.0
173	11	7.0
173	32	8.0
173	33	6.0
173	61	41.0
173	68	111.0
173	69	110.0
173	84	149.0
173	85	115.0
173	92	24.0
173	93	137.0
173	94	24.0
173	120	30.0
173	210	66.0
173	211	23.0
173	224	45.0
173	225	91.0
173	239	71.0
173	240	35.0
173	246	53.0
173	247	55.0
173	248	30.0
173	249	24.0
173	255	32.0
174	10	50.0
174	11	79.0
174	12	69.0
174	13	14.0
174	69	12.0
174	70	100.0
174	71	63.0
174	85	53.0
174	91	26.0
174	92	160.0
174	93	24.0
174	119	9.0
174	120	11.0
174	210	40.0
174	211	40.0
174	225	56.0
174	226	73.0
174	240	66.0
174	241	31.0
174	246	73.0
174	247	38.0
174	255	25.0
175	12	34.0
175	13	94.0
175	14	73.0
175	71	46.0
175	72	49.0
175	73	16.0
175	80	16.0
175	81	12.0
175	90	26.0
175	91	147.0
175	92	22.0
175	118	7.0
175	119	36.0
175	135	83.0
175	136	47.0
175	137	25.0
175	210	20.0
175	211	71.0
175	226	79.0
175	227	55.0
175	241	68.0
175	242	119.0
175	252	85.0
175	253	41.0
175	254	30.0
176	14	106.0
176	15	270.0
176	16	131.0
176	17	8.0
176	69	31.0
176	70	60.0
176	71	70.0
176	72	63.0
176	80	16.0
176	81	59.0
176	82	32.0
176	89	34.0
176	90	139.0
176	91	8.0
176	117	19.0
176	119	18.0
176	136	13.0
176	206	21.0
176	207	30.0
176	211	75.0
176	227	78.0
176	228	31.0
176	242	159.0
176	243	86.0
177	14	55.0
177	15	366.0
177	16	129.0
177	17	96.0
177	18	77.0
177	67	21.0
177	68	68.0
177	69	94.0
177	70	82.0
177	71	58.0
177	82	40.0
177	83	50.0
177	88	40.0
177	89	228.0
177	90	8.0
177	115	23.0
177	116	34.0
177	205	17.0
177	206	150.0
177	207	73.0
177	211	76.0
177	228	159.0
177	229	17.0
177	243	101.0
177	244	52.0
178	15	153.0
178	16	482.0
178	19	84.0
178	20	133.0
178	65	45.0
178	66	141.0
178	67	34.0
178	84	69.0
178	85	46.0
178	87	51.0
178	88	147.0
178	89	10.0
178	116	13.0
178	206	6.0
178	211	39.0
178	229	149.0
178	244	67.0
178	245	84.0
179	16	386.0
179	17	248.0
179	63	50.0
179	64	52.0
179	65	6.0
179	85	34.0
179	86	163.0
179	87	198.0
179	88	18.0
179	116	22.0
179	229	17.0
179	230	122.0
179	245	34.0
179	246	66.0
180	0	41.0
180	17	43.0
180	60	27.0
180	61	58.0
180	62	81.0
180	85	62.0
180	86	171.0
180	87	80.0
180	88	127.0
180	117	28.0
180	208	11.0
180	230	86.0
180	231	79.0
180	246	35.0
180	247	35.0
181	0	157.0
181	21	9.0
181	22	103.0
181	23	74.0
181	59	21.0
181	60	25.0
181	84	75.0
181	85	156.0
181	86	14.0
181	117	29.0
181	207	43.0
181	208	60.0
181	209	15.0
182	21	128.0
182	22	179.0
182	23	45.0
182	32	36.0
182	83	51.0
182	84	136.0
182	85	6.0
182	117	32.0
182	138	20.0
182	144	29.0
182	145	30.0
182	146	5.0
182	207	25.0
182	208	12.0
182	215	11.0
183	20	125.0
183	21	240.0
183	22	85.0
183	31	59.0
183	32	231.0
183	82	87.0
183	83	146.0
183	116	67.0
183	117	103.0
183	137	45.0
183	138	43.0
183	144	18.0
183	145	40.0
183	146	53.0
183	147	69.0
183	148	80.0
183	149	64.0
183	150	49.0
183	192	69.0
183	193	68.0
183	215	14.0
183	244	119.0
183	245	10.0
183	248	35.0
183	249	52.0
184	19	115.0
184	20	300.0
184	21	90.0
184	31	72.0
184	32	377.0
184	48	45.0
184	81	79.0
184	82	196.0
184	83	10.0
184	135	22.0
184	136	68.0
184	137	20.0
184	142	6.0
184	149	13.0
184	150	65.0
184	151	92.0
184	152	145.0
184	153	73.0
184	154	80.0
184	192	92.0
184	193	89.0
184	244	31.0
184	248	52.0
185	18	94.0
185	19	297.0
185	20	92.0
185	31	39.0
185	32	484.0
185	33	1.0
185	80	82.0
185	81	178.0
185	82	1.0
185	133	45.0
185	134	48.0
185	135	45.0
185	192	134.0
185	193	128.0
185	228	12.0
185	247	113.0
185	248	25.0
186	17	83.0
186	18	344.0
186	19	91.0
186	31	3.0
186	32	568.0
186	79	87.0
186	80	172.0
186	81	6.0
186	132	49.0
186	133	219.0
186	134	9.0
186	192	172.0
186	193	62.0
186	227	39.0
186	229	16.0
187	0	45.0
187	16	63.0
187	17	324.0
187	18	106.0
187	32	329.0
187	78	68.0
187	79	163.0
187	80	23.0
187	131	148.0
187	132	55.0
187	136	14.0
187	192	170.0
187	193	10.0
187	226	26.0
187	227	23.0
187	228	19.0
187	229	28.0
188	0	13.0
188	15	52.0
188	16	385.0
188	17	101.0
188	77	95.0
188	78	150.0
188	79	17.0
188	129	34.0
188	130	81.0
188	136	44.0
188	137	50.0
188	192	179.0
188	226	6.0
188	228	49.0
189	14	26.0
189	15	376.0
189	16	140.0
189	76	47.0
189	77	189.0
189	78	78.0
189	79	58.0
189	80	43.0
189	81	33.0
189	82	39.0
189	83	27.0
189	84	15.0
189	128	52.0
189	129	36.0
189	137	54.0
189	226	15.0
189	227	39.0
190	13	20.0
190	14	349.0
190	15	126.0
190	50	41.0
190	51	53.0
190	75	41.0
190	76	190.0
190	77	24.0
190	79	15.0
190	80	17.0
190	81	22.0
190	82	44.0
190	83	42.0
190	84	45.0
190	85	51.0
190	86	44.0
190	87	58.0
190	88	56.0
190	89	61.0
190	90	40.0
190	91	24.0
190	92	16.0
190	134	23.0
190	135	59.0
190	137	49.0
190	210	32.0
190	211	14.0
190	226	43.0
190	227	43.0
191	11	120.0
191	12	14.0
191	13	368.0
191	14	105.0
191	16	12.0
191	17	12.0
191	49	27.0
191	50	173.0
191	51	32.0
191	74	17.0
191	75	134.0
191	76	36.0
191	88	18.0
191	89	30.0
191	90	32.0
191	91	33.0
191	92	52.0
191	93	69.0
191	94	78.0
191	95	77.0
191	96	71.0
191	97	84.0
191	98	51.0
191	99	27.0
191	100	19.0
191	101	7.0
191	134	145.0
191	135	85.0
191	137	22.0
191	138	31.0
191	210	24.0
191	211	82.0
191	219	27.0
191	220	23.0
191	224	24.0
191	225	25.0
191	226	47.0
192	5	39.0
192	6	106.0
192	7	64.0
192	8	53.0
192	11	36.0
192	12	520.0
192	13	146.0
192	15	25.0
192	16	9.0
192	40	18.0
192	41	30.0
192	42	34.0
192	43	12.0
192	49	86.0
192	50	61.0
192	73	17.0
192	74	164.0
192	75	25.0
192	87	27.0
192	97	29.0
192	98	32.0
192	99	36.0
192	100	60.0
192	101	106.0
192	102	85.0
192	103	91.0
192	104	73.0
192	105	55.0
192	106	53.0
192	107	32.0
192	108	21.0
192	109	11.0
192	133	45.0
192	134	209.0
192	135	16.0
192	138	52.0
192	211	62.0
192	212	46.0
192	215	13.0
192	219	35.0
192	220	55.0
192	221	9.0
192	223	19.0
192	226	1.0
193	6	64.0
193	7	77.0
193	11	482.0
193	12	108.0
193	13	10.0
193	14	35.0
193	37	28.0
193	38	50.0
193	39	70.0
193	40	75.0
193	41	32.0
193	42	16.0
193	48	86.0
193	72	6.0
193	73	136.0
193	74	49.0
193	87	39.0
193	106	13.0
193	107	22.0
193	108	31.0
193	109	57.0
193	110	50.0
193	111	62.0
193	112	68.0
193	113	84.0
193	114	57.0
193	115	46.0
193	116	33.0
193	117	29.0
193	133	142.0
193	134	73.0
193	135	44.0
193	138	37.0
193	212	120.0
193	213	15.0
193	215	19.0
193	219	33.0
193	220	99.0
193	221	49.0
193	222	33.0
194	10	471.0
194	11	75.0
194	34	44.0
194	35	80.0
194	36	88.0
194	37	59.0
194	38	44.0
194	47	98.0
194	53	9.0
194	65	25.0
194	68	9.0
194	71	5.0
194	72	148.0
194	73	62.0
194	87	21.0
194	115	12.0
194	116	28.0
194	117	56.0
194	118	46.0
194	119	57.0
194	120	75.0
194	121	132.0
194	122	82.0
194	123	39.0
194	124	37.0
194	125	20.0
194	126	7.0
194	132	59.0
194	133	116.0
194	138	19.0
194	139	106.0
194	140	38.0
194	210	15.0
194	211	11.0
194	212	29.0
194	213	120.0
194	219	9.0
194	220	105.0
194	221	33.0
195	10	65.0
195	30	40.0
195	31	55.0
195	32	73.0
195	33	53.0
195	34	30.0
195	46	99.0
195	53	38.0
195	54	60.0
195	65	32.0
195	68	23.0
195	71	158.0
195	72	92.0
195	87	14.0
195	124	19.0
195	125	30.0
195	126	53.0
195	127	54.0
195	128	51.0
195	129	73.0
195	130	130.0
195	131	54.0
195	132	246.0
195	133	47.0
195	134	12.0
195	139	81.0
195	211	23.0
195	213	94.0
195	214	47.0
195	255	14.0
196	27	63.0
196	28	80.0
196	29	87.0
196	30	71.0
196	41	16.0
196	45	197.0
196	54	31.0
196	65	32.0
196	68	5.0
196	69	18.0
196	70	156.0
196	71	93.0
196	86	39.0
196	87	43.0
196	107	22.0
196	108	60.0
196	109	6.0
196	114	52.0
196	115	27.0
196	131	127.0
196	132	141.0
196	133	50.0
196	134	54.0
196	135	84.0
196	136	80.0
196	137	63.0
196	138	67.0
196	139	191.0
196	140	46.0
196	141	29.0
196	142	11.0
196	214	117.0
196	253	14.0
196	254	15.0
196	255	14.0
197	23	39.0
197	24	54.0
197	25	79.0
197	26	110.0
197	27	14.0
197	63	16.0
197	65	36.0
197	68	39.0
197	69	206.0
197	70	112.0
197	87	7.0
197	106	22.0
197	107	9.0
197	131	179.0
197	139	9.0
197	140	32.0
197	141	10.0
197	142	52.0
197	143	89.0
197	144	116.0
197	145	64.0
197	146	54.0
197	147	62.0
197	148	60.0
197	149	44.0
197	150	22.0
197	201	8.0
197	214	4.0
197	215	138.0
197	248	2.0
197	249	15.0
197	250	14.0
197	251	15.0
197	252	14.0
197	253	15.0
197	254	14.0
197	255	14.0
198	23	12.0
198	26	73.0
198	27	11.0
198	45	19.0
198	55	28.0
198	65	35.0
198	67	12.0
198	68	264.0
198	69	167.0
198	104	86.0
198	105	32.0
198	139	61.0
198	140	146.0
198	150	42.0
198	151	48.0
198	152	86.0
198	153	69.0
198	154	85.0
198	155	72.0
198	156	55.0
198	157	50.0
198	158	55.0
198	244	15.0
198	245	15.0
198	246	15.0
198	247	15.0
198	248	15.0
198	249	14.0
198	250	15.0
199	0	10.0
199	1	112.0
199	2	36.0
199	9	58.0
199	10	31.0
199	26	38.0
199	42	43.0
199	43	65.0
199	44	21.0
199	45	22.0
199	54	22.0
199	55	77.0
199	65	29.0
199	67	142.0
199	68	145.0
199	104	87.0
199	112	32.0
199	140	47.0
199	158	20.0
199	159	45.0
199	160	59.0
199	161	60.0
199	162	127.0
199	163	117.0
199	164	83.0
199	165	92.0
199	166	65.0
199	199	18.0
199	239	15.0
199	240	15.0
199	241	15.0
199	242	15.0
199	243	15.0
199	244	14.0
199	245	15.0
200	0	46.0
200	1	92.0
200	2	97.0
200	3	51.0
200	4	51.0
200	5	47.0
200	6	88.0
200	7	79.0
200	8	59.0
200	9	113.0
200	10	133.0
200	11	61.0
200	12	76.0
200	13	94.0
200	14	80.0
200	15	60.0
200	16	58.0
200	17	76.0
200	18	106.0
200	19	81.0
200	20	59.0
200	21	57.0
200	22	100.0
200	23	70.0
200	24	56.0
200	25	55.0
200	26	91.0
200	27	59.0
200	28	51.0
200	29	49.0
200	30	57.0
200	31	49.0
200	32	44.0
200	33	58.0
200	34	51.0
200	35	61.0
200	36	45.0
200	37	51.0
200	38	25.0
200	39	14.0
200	40	5.0
200	42	48.0
200	43	13.0
200	65	36.0
200	66	137.0
200	67	103.0
200	85	65.0
200	111	66.0
200	112	45.0
200	140	14.0
200	141	15.0
200	156	47.0
200	167	19.0
200	168	30.0
200	172	32.0
200	236	15.0
200	237	15.0
200	238	15.0
200	239	15.0
200	240	15.0
201	26	10.0
201	27	6.0
201	29	12.0
201	30	14.0
201	31	15.0
201	32	18.0
201	33	28.0
201	34	31.0
201	35	51.0
201	36	49.0
201	37	68.0
201	38	47.0
201	39	38.0
201	40	38.0
201	41	39.0
201	42	65.0
201	43	65.0
201	44	58.0
201	45	57.0
201	46	102.0
201	47	56.0
201	48	54.0
201	49	63.0
201	50	119.0
201	51	66.0
201	52	77.0
201	53	86.0
201	54	101.0
201	55	96.0
201	56	83.0
201	57	45.0
201	58	51.0
201	59	58.0
201	60	64.0
201	61	61.0
201	62	62.0
201	63	70.0
201	64	47.0
201	65	276.0
201	66	158.0
201	67	82.0
201	68	49.0
201	69	43.0
201	70	30.0
201	71	19.0
201	72	9.0
201	73	29.0
201	74	17.0
201	75	6.0
201	76	10.0
201	77	17.0
201	84	19.0
201	85	49.0
201	94	19.0
201	111	47.0
201	112	12.0
201	117	22.0
201	141	75.0
201	195	25.0
202	62	27.0
202	63	74.0
202	64	140.0
202	65	153.0
202	66	19.0
202	67	41.0
202	68	32.0
202	69	34.0
202	70	29.0
202	71	26.0
202	72	28.0
202	73	57.0
202	74	50.0
202	75	41.0
202	76	76.0
202	77	92.0
202	78	84.0
202	79	57.0
202	80	91.0
202	81	80.0
202	82	78.0
202	83	127.0
202	84	143.0
202	85	73.0
202	86	113.0
202	87	74.0
202	88	51.0
202	89	61.0
202	90	62.0
202	91	109.0
202	92	65.0
202	93	139.0
202	94	155.0
202	95	159.0
202	96	68.0
202	97	59.0
202	98	67.0
202	99	44.0
202	100	71.0
202	101	55.0
202	102	70.0
202	103	56.0
202	104	48.0
202	105	52.0
202	106	82.0
202	107	52.0
202	108	58.0
202	109	15.0
202	143	30.0
202	144	30.0
202	195	31.0
203	63	181.0
203	64	96.0
203	92	65.0
203	93	26.0
203	128	21.0
203	129	15.0
203	143	31.0
203	144	39.0
203	191	16.0
203	192	47.0
203	195	40.0
203	196	51.0
203	197	12.0
203	229	68.0
203	230	51.0
204	62	175.0
204	63	117.0
204	87	13.0
204	90	10.0
204	91	85.0
204	118	32.0
204	119	9.0
204	128	30.0
204	129	15.0
204	191	59.0
204	230	32.0
205	3	96.0
205	4	61.0
205	61	157.0
205	62	104.0
205	89	25.0
205	90	72.0
205	118	44.0
205	230	42.0
205	231	11.0
205	245	92.0
205	246	93.0
205	250	19.0
205	251	70.0
205	252	147.0
206	60	141.0
206	61	89.0
206	88	43.0
206	89	67.0
206	118	52.0
206	230	26.0
206	231	27.0
206	245	120.0
206	246	259.0
206	247	4.0
206	250	54.0
207	59	167.0
207	60	90.0
207	87	54.0
207	88	42.0
207	95	60.0
207	96	337.0
207	97	267.0
207	98	51.0
207	99	2.0
207	118	90.0
207	222	48.0
207	223	151.0
207	231	13.0
207	232	7.0
207	245	52.0
207	246	381.0
207	247	50.0
208	15	7.0
208	58	136.0
208	59	101.0
208	86	108.0
208	87	24.0
208	95	184.0
208	96	675.0
208	97	793.0
208	98	509.0
208	99	73.0
208	100	2.0
208	118	98.0
208	152	59.0
208	153	40.0
208	154	14.0
208	155	140.0
208	156	11.0
208	171	36.0
208	172	35.0
208	173	36.0
208	174	10.0
208	193	65.0
208	194	220.0
208	195	336.0
208	196	320.0
208	223	58.0
208	232	18.0
208	246	286.0
208	247	155.0
209	57	162.0
209	58	116.0
209	86	7.0
209	95	44.0
209	96	313.0
209	97	572.0
209	98	782.0
209	99	507.0
209	100	114.0
209	101	2.0
209	116	68.0
209	117	73.0
209	118	51.0
209	139	13.0
209	151	16.0
209	153	55.0
209	170	22.0
209	171	92.0
209	189	3.0
209	190	83.0
209	191	209.0
209	192	296.0
209	193	268.0
209	194	82.0
209	204	7.0
209	205	62.0
209	206	24.0
209	207	24.0
209	232	23.0
209	246	90.0
209	247	303.0
210	4	25.0
210	56	148.0
210	57	95.0
210	97	63.0
210	98	285.0
210	99	588.0
210	100	600.0
210	101	234.0
210	102	14.0
210	113	37.0
210	114	31.0
210	118	75.0
210	138	54.0
210	139	86.0
210	149	36.0
210	150	11.0
210	151	36.0
210	152	28.0
210	153	7.0
210	186	27.0
210	187	96.0
210	188	226.0
210	189	284.0
210	190	240.0
210	191	102.0
210	192	3.0
210	204	9.0
210	205	41.0
210	206	36.0
210	207	24.0
210	232	10.0
210	242	21.0
210	247	364.0
210	248	5.0
210	253	7.0
211	55	130.0
211	56	117.0
211	98	2.0
211	99	81.0
211	100	351.0
211	101	499.0
211	102	370.0
211	103	74.0
211	104	2.0
211	113	86.0
211	114	235.0
211	115	138.0
211	116	57.0
211	118	78.0
211	137	40.0
211	138	24.0
211	149	35.0
211	167	22.0
211	184	60.0
211	185	158.0
211	186	250.0
211	187	225.0
211	188	149.0
211	189	25.0
211	194	13.0
211	196	6.0
211	197	40.0
211	232	17.0
211	241	32.0
211	242	36.0
211	247	205.0
211	248	197.0
212	22	74.0
212	53	7.0
212	54	206.0
212	55	127.0
212	99	1.0
212	100	4.0
212	101	146.0
212	102	420.0
212	103	478.0
212	104	181.0
212	105	3.0
212	114	41.0
212	115	58.0
212	116	77.0
212	117	124.0
212	118	108.0
212	119	51.0
212	138	42.0
212	139	19.0
212	167	8.0
212	168	37.0
212	183	18.0
212	184	117.0
212	185	118.0
212	186	44.0
212	192	23.0
212	193	27.0
212	194	9.0
212	197	26.0
212	240	95.0
212	241	64.0
212	248	288.0
213	0	19.0
213	22	36.0
213	53	204.0
213	54	155.0
213	101	1.0
213	102	31.0
213	103	239.0
213	104	492.0
213	105	372.0
213	106	64.0
213	118	7.0
213	119	75.0
213	120	97.0
213	121	154.0
213	122	23.0
213	139	38.0
213	140	65.0
213	141	31.0
213	142	36.0
213	155	19.0
213	168	25.0
213	169	21.0
213	189	39.0
213	190	9.0
213	191	68.0
213	192	36.0
213	240	65.0
213	241	15.0
214	0	20.0
214	51	2.0
214	52	174.0
214	53	171.0
214	54	21.0
214	55	31.0
214	69	11.0
214	103	2.0
214	104	89.0
214	105	365.0
214	106	512.0
214	107	189.0
214	108	2.0
214	114	15.0
214	122	62.0
214	141	66.0
214	142	32.0
214	154	10.0
214	155	49.0
214	156	2.0
214	169	39.0
214	189	91.0
214	190	32.0
214	191	8.0
214	198	26.0
214	199	9.0
215	0	75.0
215	50	6.0
215	51	192.0
215	52	175.0
215	69	95.0
215	70	60.0
215	105	3.0
215	106	156.0
215	107	403.0
215	108	345.0
215	109	89.0
215	114	38.0
215	115	10.0
215	142	21.0
215	143	41.0
215	170	43.0
215	188	34.0
215	189	18.0
215	197	5.0
215	198	38.0
216	0	40.0
216	1	22.0
216	49	6.0
216	50	197.0
216	51	223.0
216	52	11.0
216	70	14.0
216	71	49.0
216	92	16.0
216	107	14.0
216	108	247.0
216	109	456.0
216	110	278.0
216	111	26.0
216	114	44.0
216	115	9.0
216	137	8.0
216	138	21.0
216	139	6.0
216	163	18.0
216	170	18.0
216	171	41.0
216	186	19.0
216	187	36.0
216	197	61.0
216	207	22.0
216	208	37.0
216	238	23.0
217	2	32.0
217	15	14.0
217	48	11.0
217	49	172.0
217	50	134.0
217	51	37.0
217	71	15.0
217	92	102.0
217	93	7.0
217	109	39.0
217	110	340.0
217	111	477.0
217	112	153.0
217	138	35.0
217	139	46.0
217	140	51.0
217	141	39.0
217	142	11.0
217	163	24.0
217	164	14.0
217	171	15.0
217	184	25.0
217	185	58.0
217	196	52.0
217	197	29.0
217	205	31.0
217	207	14.0
217	220	8.0
217	236	24.0
217	237	45.0
217	238	17.0
218	1	2.0
218	2	116.0
218	3	8.0
218	47	23.0
218	48	219.0
218	49	122.0
218	92	19.0
218	93	39.0
218	111	86.0
218	112	388.0
218	113	423.0
218	114	46.0
218	142	22.0
218	143	58.0
218	144	56.0
218	145	89.0
218	146	48.0
218	164	70.0
218	165	16.0
218	183	32.0
218	184	58.0
218	195	21.0
218	196	18.0
218	219	66.0
218	220	64.0
218	235	30.0
218	236	41.0
219	2	37.0
219	46	30.0
219	47	319.0
219	48	163.0
219	113	131.0
219	114	447.0
219	115	367.0
219	137	13.0
219	138	17.0
219	145	14.0
219	146	35.0
219	147	35.0
219	148	50.0
219	149	48.0
219	150	27.0
219	164	42.0
219	165	10.0
219	181	21.0
219	182	53.0
219	189	60.0
219	190	22.0
219	194	22.0
219	195	56.0
219	220	5.0
219	227	29.0
219	233	23.0
219	234	53.0
219	235	21.0
220	45	10.0
220	46	168.0
220	47	145.0
220	115	239.0
220	116	481.0
220	117	142.0
220	136	42.0
220	137	22.0
220	138	31.0
220	139	23.0
220	150	25.0
220	151	53.0
220	152	51.0
220	153	42.0
220	154	28.0
220	180	49.0
220	181	18.0
220	189	33.0
220	190	74.0
220	191	60.0
220	194	48.0
220	231	33.0
220	232	86.0
220	233	52.0
220	237	12.0
221	44	4.0
221	45	172.0
221	46	92.0
221	85	38.0
221	117	193.0
221	132	31.0
221	134	45.0
221	135	74.0
221	154	28.0
221	155	59.0
221	156	81.0
221	157	107.0
221	158	23.0
221	191	90.0
221	192	125.0
221	193	100.0
221	230	24.0
221	231	94.0
221	232	60.0
222	43	6.0
222	44	167.0
222	45	78.0
222	84	23.0
222	85	78.0
222	154	14.0
222	155	97.0
222	159	90.0
222	160	41.0
222	161	79.0
222	192	91.0
222	193	182.0
222	194	45.0
222	197	55.0
222	218	19.0
222	219	17.0
222	229	48.0
222	230	94.0
222	231	25.0
223	42	14.0
223	43	162.0
223	44	74.0
223	132	36.0
223	133	57.0
223	154	20.0
223	155	123.0
223	178	123.0
223	191	37.0
223	192	14.0
223	194	64.0
223	195	121.0
223	196	10.0
223	197	153.0
223	198	49.0
223	216	26.0
223	217	25.0
223	218	25.0
223	228	68.0
223	229	46.0
223	230	10.0
224	41	24.0
224	42	208.0
224	43	88.0
224	87	12.0
224	88	11.0
224	111	5.0
224	128	13.0
224	129	64.0
224	130	77.0
224	131	40.0
224	132	32.0
224	133	15.0
224	178	44.0
224	180	8.0
224	181	38.0
224	190	7.0
224	191	37.0
224	195	21.0
224	196	146.0
224	197	117.0
224	198	152.0
224	215	23.0
224	216	9.0
224	226	22.0
224	227	60.0
224	228	20.0
224	243	8.0
225	0	18.0
225	1	27.0
225	2	55.0
225	40	26.0
225	41	221.0
225	42	114.0
225	87	32.0
225	111	43.0
225	125	34.0
225	126	93.0
225	127	149.0
225	128	44.0
225	129	15.0
225	176	23.0
225	177	58.0
225	180	13.0
225	181	37.0
225	190	59.0
225	197	30.0
225	198	235.0
225	199	29.0
225	215	7.0
225	223	17.0
225	225	59.0
225	226	55.0
225	247	12.0
226	33	85.0
226	39	15.0
226	40	215.0
226	41	111.0
226	86	17.0
226	87	53.0
226	111	64.0
226	121	15.0
226	122	49.0
226	123	113.0
226	124	59.0
226	125	28.0
226	167	50.0
226	168	47.0
226	177	27.0
226	198	124.0
226	199	153.0
226	222	12.0
226	223	89.0
226	224	70.0
226	225	32.0
226	228	25.0
226	247	27.0
226	248	63.0
226	249	66.0
226	250	20.0
227	33	104.0
227	34	139.0
227	38	29.0
227	39	195.0
227	40	69.0
227	86	12.0
227	87	11.0
227	110	25.0
227	111	44.0
227	120	29.0
227	121	99.0
227	122	72.0
227	123	173.0
227	124	28.0
227	162	29.0
227	167	125.0
227	168	108.0
227	199	238.0
227	220	71.0
227	221	90.0
227	222	95.0
227	223	77.0
227	245	62.0
227	246	39.0
227	250	29.0
227	251	73.0
227	252	56.0
228	34	130.0
228	37	27.0
228	38	224.0
228	39	84.0
228	64	69.0
228	65	54.0
228	86	69.0
228	87	37.0
228	88	21.0
228	89	14.0
228	90	8.0
228	110	125.0
228	122	169.0
228	123	257.0
228	124	15.0
228	154	24.0
228	155	10.0
228	162	112.0
228	167	94.0
228	168	74.0
228	199	195.0
228	200	166.0
228	220	16.0
228	221	89.0
228	222	66.0
228	251	26.0
228	253	43.0
228	254	61.0
228	255	31.0
229	35	119.0
229	36	41.0
229	37	266.0
229	38	69.0
229	43	34.0
229	44	12.0
229	64	52.0
229	65	106.0
229	86	37.0
229	87	47.0
229	110	66.0
229	122	283.0
229	123	252.0
229	153	56.0
229	154	45.0
229	167	46.0
229	168	18.0
229	200	234.0
229	219	33.0
229	220	72.0
230	30	9.0
230	35	59.0
230	36	208.0
230	37	58.0
230	44	17.0
230	64	15.0
230	65	83.0
230	85	12.0
230	110	51.0
230	121	1.0
230	122	365.0
230	123	152.0
230	153	11.0
230	167	57.0
230	168	16.0
230	170	35.0
230	171	7.0
230	218	95.0
230	219	60.0
231	34	50.0
231	35	195.0
231	36	31.0
231	64	20.0
231	65	100.0
231	85	38.0
231	109	59.0
231	121	25.0
231	122	410.0
231	123	70.0
231	167	68.0
231	168	16.0
231	170	80.0
231	171	38.0
231	216	18.0
231	217	76.0
231	218	23.0
231	226	13.0
232	33	57.0
232	34	273.0
232	35	33.0
232	64	32.0
232	65	91.0
232	85	54.0
232	109	73.0
232	121	81.0
232	122	466.0
232	123	14.0
232	159	13.0
232	167	119.0
232	168	22.0
232	170	11.0
232	215	74.0
232	216	68.0
232	226	7.0
232	227	22.0
232	248	13.0
232	249	24.0
233	32	69.0
233	33	223.0
233	34	29.0
233	64	55.0
233	65	82.0
233	72	52.0
233	73	47.0
233	84	21.0
233	85	17.0
233	121	139.0
233	122	374.0
233	158	20.0
233	159	54.0
233	160	41.0
233	167	154.0
233	171	21.0
233	172	11.0
233	173	23.0
233	174	58.0
233	175	19.0
233	213	19.0
233	214	96.0
233	215	36.0
233	227	14.0
233	228	52.0
233	229	31.0
233	230	45.0
233	231	78.0
233	245	43.0
233	246	61.0
233	247	22.0
233	248	3.0
234	31	100.0
234	32	209.0
234	33	26.0
234	64	81.0
234	65	36.0
234	84	27.0
234	121	220.0
234	122	288.0
234	160	28.0
234	161	16.0
234	171	10.0
234	172	18.0
234	174	14.0
234	175	27.0
234	176	44.0
234	177	37.0
234	178	7.0
234	199	50.0
234	200	8.0
234	212	61.0
234	213	103.0
234	228	67.0
234	231	35.0
234	245	40.0
234	246	82.0
235	30	81.0
235	31	264.0
235	32	49.0
235	64	114.0
235	84	24.0
235	121	364.0
235	122	152.0
235	159	11.0
235	160	155.0
235	161	28.0
235	178	29.0
235	179	52.0
235	180	42.0
235	199	55.0
235	200	31.0
235	211	116.0
235	212	27.0
235	245	25.0
235	246	68.0
236	29	62.0
236	30	202.0
236	31	28.0
236	64	148.0
236	96	11.0
236	107	25.0
236	121	464.0
236	122	33.0
236	148	20.0
236	181	34.0
236	182	45.0
236	183	47.0
236	209	84.0
236	210	89.0
236	245	80.0
236	246	31.0
237	28	106.0
237	29	178.0
237	30	12.0
237	64	191.0
237	95	14.0
237	96	103.0
237	97	27.0
237	107	10.0
237	121	579.0
237	132	13.0
237	133	20.0
237	147	25.0
237	148	15.0
237	184	60.0
237	185	31.0
237	186	24.0
237	207	37.0
237	208	151.0
237	209	59.0
237	218	68.0
237	219	30.0
238	27	142.0
238	28	299.0
238	29	19.0
238	95	72.0
238	96	78.0
238	121	463.0
238	132	12.0
238	133	41.0
238	134	67.0
238	146	9.0
238	147	15.0
238	206	38.0
238	207	88.0
238	208	16.0
238	218	36.0
238	219	119.0
238	220	9.0
239	26	122.0
239	27	248.0
239	28	16.0
239	94	20.0
239	95	101.0
239	98	43.0
239	134	39.0
239	145	63.0
239	146	67.0
239	205	66.0
239	206	42.0
239	219	58.0
239	220	124.0
240	25	123.0
240	26	180.0
240	27	5.0
240	53	15.0
240	83	32.0
240	94	166.0
240	95	16.0
240	97	6.0
240	98	83.0
240	145	48.0
240	203	31.0
240	204	80.0
240	220	107.0
240	221	139.0
241	24	156.0
241	25	142.0
241	53	21.0
241	54	43.0
241	83	15.0
241	84	33.0
241	85	112.0
241	86	164.0
241	87	96.0
241	93	66.0
241	94	72.0
241	97	47.0
241	98	15.0
241	144	55.0
241	202	62.0
241	203	31.0
241	221	123.0
241	222	89.0
242	9	28.0
242	23	188.0
242	24	181.0
242	54	40.0
242	55	29.0
242	79	23.0
242	80	86.0
242	81	116.0
242	82	117.0
242	83	132.0
242	84	84.0
242	85	60.0
242	86	11.0
242	92	39.0
242	93	182.0
242	97	88.0
242	132	13.0
242	143	34.0
242	144	29.0
242	201	30.0
242	222	132.0
242	223	36.0
243	9	60.0
243	22	229.0
243	23	189.0
243	54	46.0
243	92	134.0
243	96	21.0
243	97	50.0
243	105	15.0
243	106	48.0
243	107	58.0
243	108	68.0
243	109	71.0
243	110	82.0
243	111	170.0
243	112	134.0
243	113	151.0
243	114	188.0
243	115	145.0
243	116	165.0
243	117	146.0
243	118	136.0
243	132	33.0
243	138	64.0
243	142	23.0
243	143	23.0
243	148	15.0
243	223	156.0
243	248	13.0
243	249	101.0
244	9	22.0
244	10	48.0
244	20	6.0
244	21	191.0
244	22	141.0
244	27	18.0
244	54	64.0
244	91	82.0
244	92	47.0
244	96	51.0
244	105	37.0
244	106	93.0
244	107	124.0
244	108	162.0
244	109	51.0
244	110	33.0
244	111	33.0
244	112	12.0
244	113	49.0
244	114	125.0
244	132	35.0
244	138	262.0
244	139	99.0
244	142	49.0
244	149	6.0
244	170	64.0
244	171	162.0
245	10	35.0
245	19	15.0
245	20	226.0
245	21	136.0
245	54	41.0
245	55	80.0
245	114	116.0
245	115	34.0
245	132	30.0
245	138	112.0
245	139	321.0
245	141	47.0
245	169	34.0
245	170	48.0
245	248	35.0
245	249	16.0
245	253	10.0
246	3	22.0
246	4	12.0
246	10	169.0
246	19	243.0
246	20	123.0
246	80	28.0
246	81	15.0
246	114	43.0
246	115	125.0
246	132	26.0
246	139	344.0
246	140	113.0
246	165	12.0
246	169	18.0
246	170	7.0
246	208	6.0
246	246	20.0
246	247	12.0
246	250	11.0
246	252	11.0
247	3	66.0
247	4	59.0
247	17	5.0
247	18	140.0
247	19	61.0
247	101	37.0
247	102	68.0
247	115	125.0
247	116	28.0
247	132	44.0
247	139	36.0
247	140	271.0
247	169	9.0
247	208	43.0
247	252	17.0
247	254	10.0
248	3	47.0
248	4	17.0
248	16	31.0
248	17	255.0
248	18	58.0
248	101	36.0
248	102	193.0
248	103	156.0
248	115	72.0
248	116	129.0
248	139	22.0
248	208	37.0
248	252	24.0
249	15	33.0
249	16	237.0
249	17	89.0
249	102	50.0
249	103	285.0
249	104	166.0
249	116	142.0
249	117	42.0
249	191	5.0
249	208	35.0
249	253	55.0
250	14	22.0
250	15	267.0
250	16	84.0
250	103	20.0
250	104	213.0
250	105	199.0
250	110	37.0
250	111	29.0
250	116	42.0
250	117	138.0
250	208	47.0
251	13	31.0
251	14	241.0
251	15	62.0
251	48	38.0
251	49	17.0
251	105	236.0
251	106	258.0
251	115	14.0
251	116	32.0
251	117	154.0
251	118	11.0
251	208	21.0
252	12	61.0
252	13	279.0
252	14	71.0
252	48	17.0
252	49	82.0
252	50	46.0
252	91	21.0
252	92	27.0
252	106	208.0
252	107	263.0
252	115	12.0
252	116	47.0
252	117	43.0
252	118	188.0
252	130	81.0
252	131	41.0
252	162	7.0
252	207	26.0
252	208	65.0
252	209	24.0
253	11	57.0
253	12	349.0
253	13	102.0
253	50	76.0
253	51	113.0
253	67	39.0
253	107	125.0
253	108	315.0
253	116	36.0
253	118	194.0
253	130	23.0
253	131	52.0
253	132	23.0
253	161	37.0
253	162	80.0
253	206	114.0
253	207	24.0
254	10	35.0
254	11	318.0
254	12	91.0
254	49	29.0
254	51	50.0
254	52	120.0
254	53	5.0
254	66	52.0
254	67	212.0
254	68	45.0
254	81	40.0
254	108	89.0
254	109	30.0
254	116	50.0
254	118	33.0
254	133	25.0
254	134	40.0
254	135	20.0
254	136	32.0
254	160	20.0
254	161	70.0
254	162	28.0
254	195	34.0
254	206	26.0
254	217	7.0
255	9	31.0
255	10	279.0
255	11	63.0
255	53	130.0
255	54	44.0
255	66	81.0
255	67	288.0
255	68	28.0
255	81	81.0
255	116	61.0
255	135	33.0
255	136	92.0
255	137	18.0
255	160	61.0
