0	17	27.0
0	18	151.0
0	61	40.0
0	64	24.0
0	71	150.0
0	83	59.0
0	88	163.0
0	105	12.0
0	106	31.0
0	109	16.0
0	110	46.0
0	113	46.0
0	114	106.0
0	123	4.0
0	124	42.0
0	125	30.0
0	175	15.0
0	177	44.0
0	179	23.0
0	180	37.0
0	181	47.0
0	182	85.0
0	183	87.0
0	184	73.0
0	191	132.0
0	192	29.0
0	201	20.0
1	16	87.0
1	17	98.0
1	30	49.0
1	31	18.0
1	60	39.0
1	61	32.0
1	87	11.0
1	88	241.0
1	105	9.0
1	106	41.0
1	107	20.0
1	108	40.0
1	114	29.0
1	122	14.0
1	124	56.0
1	164	6.0
1	165	17.0
1	166	30.0
1	167	14.0
1	175	20.0
1	177	30.0
1	178	59.0
1	179	53.0
1	182	15.0
1	184	65.0
1	185	99.0
1	186	86.0
1	187	28.0
1	190	44.0
1	213	22.0
1	214	44.0
1	249	21.0
1	250	48.0
2	16	29.0
2	17	95.0
2	29	18.0
2	30	82.0
2	32	17.0
2	33	46.0
2	60	102.0
2	87	39.0
2	88	276.0
2	106	66.0
2	107	73.0
2	122	22.0
2	123	51.0
2	146	9.0
2	162	22.0
2	163	15.0
2	176	6.0
2	177	30.0
2	178	127.0
2	181	11.0
2	182	19.0
2	184	25.0
2	185	20.0
2	186	6.0
2	187	91.0
2	188	136.0
2	189	153.0
2	205	15.0
2	213	17.0
2	214	89.0
2	247	16.0
2	248	38.0
2	249	131.0
2	250	31.0
3	60	86.0
3	85	53.0
3	86	35.0
3	87	20.0
3	88	142.0
3	105	44.0
3	106	6.0
3	121	52.0
3	122	60.0
3	123	7.0
3	147	11.0
3	174	23.0
3	175	30.0
3	177	49.0
3	178	34.0
3	179	203.0
3	187	44.0
3	188	50.0
3	189	37.0
3	190	115.0
3	191	114.0
3	192	16.0
3	204	7.0
3	205	36.0
3	206	68.0
3	212	16.0
3	213	17.0
3	214	36.0
3	248	22.0
4	85	50.0
4	86	27.0
4	87	43.0
4	88	155.0
4	103	53.0
4	104	24.0
4	121	45.0
4	122	77.0
4	123	18.0
4	146	11.0
4	147	26.0
4	172	58.0
4	173	53.0
4	176	30.0
4	177	43.0
4	179	114.0
4	186	70.0
4	187	26.0
4	192	41.0
4	193	17.0
4	206	54.0
5	60	49.0
5	61	82.0
5	87	81.0
5	88	167.0
5	102	22.0
5	121	97.0
5	122	17.0
5	123	36.0
5	146	34.0
5	147	10.0
5	171	72.0
5	172	34.0
5	174	13.0
5	175	48.0
5	176	97.0
5	180	76.0
5	185	165.0
5	209	16.0
5	210	20.0
6	60	23.0
6	61	75.0
6	87	87.0
6	88	137.0
6	100	25.0
6	101	24.0
6	120	38.0
6	121	130.0
6	122	38.0
6	175	136.0
6	180	68.0
6	183	11.0
6	184	84.0
6	192	17.0
6	206	20.0
6	207	97.0
6	208	11.0
7	48	14.0
7	60	38.0
7	61	49.0
7	62	26.0
7	83	6.0
7	87	88.0
7	88	93.0
7	99	62.0
7	121	27.0
7	125	14.0
7	126	43.0
7	131	8.0
7	157	20.0
7	171	11.0
7	174	45.0
7	175	227.0
7	181	50.0
7	183	29.0
7	191	103.0
7	192	79.0
7	206	39.0
7	207	164.0
7	247	15.0
7	248	26.0
7	249	50.0
7	250	22.0
8	18	16.0
8	19	14.0
8	21	30.0
8	48	49.0
8	82	95.0
8	83	44.0
8	87	148.0
8	88	125.0
8	97	28.0
8	98	98.0
8	99	27.0
8	126	25.0
8	127	42.0
8	131	43.0
8	132	118.0
8	133	23.0
8	171	48.0
8	173	31.0
8	174	43.0
8	191	13.0
8	206	55.0
8	207	100.0
8	249	27.0
8	250	14.0
8	251	6.0
8	252	15.0
8	253	13.0
8	254	45.0
8	255	45.0
9	18	46.0
9	19	58.0
9	21	24.0
9	48	51.0
9	82	126.0
9	83	55.0
9	87	189.0
9	88	95.0
9	96	13.0
9	99	41.0
9	100	71.0
9	101	53.0
9	102	64.0
9	103	27.0
9	115	19.0
9	127	45.0
9	128	34.0
9	131	12.0
9	132	41.0
9	171	14.0
9	172	7.0
9	173	80.0
9	178	64.0
9	179	30.0
9	206	140.0
9	207	34.0
10	48	73.0
10	66	11.0
10	82	123.0
10	83	103.0
10	87	160.0
10	88	51.0
10	99	31.0
10	100	60.0
10	101	66.0
10	102	103.0
10	103	93.0
10	104	96.0
10	105	110.0
10	106	116.0
10	107	145.0
10	108	137.0
10	109	177.0
10	110	94.0
10	128	48.0
10	129	23.0
10	172	115.0
10	173	10.0
10	178	27.0
10	206	200.0
11	27	20.0
11	28	10.0
11	48	66.0
11	66	27.0
11	81	4.0
11	82	94.0
11	83	165.0
11	87	157.0
11	88	31.0
11	122	14.0
11	129	64.0
11	130	26.0
11	152	103.0
11	171	43.0
11	172	18.0
11	206	246.0
12	8	21.0
12	48	80.0
12	66	17.0
12	74	42.0
12	75	5.0
12	83	278.0
12	87	189.0
12	88	25.0
12	122	27.0
12	123	37.0
12	129	123.0
12	130	98.0
12	152	11.0
12	153	48.0
12	170	13.0
12	171	46.0
13	8	55.0
13	9	13.0
13	48	124.0
13	49	14.0
13	66	17.0
13	73	47.0
13	74	115.0
13	83	172.0
13	87	201.0
13	88	10.0
13	101	14.0
13	123	8.0
13	124	110.0
13	125	8.0
13	131	59.0
13	133	29.0
13	134	7.0
13	146	65.0
13	170	65.0
13	231	8.0
13	232	93.0
13	233	36.0
14	8	31.0
14	48	63.0
14	49	53.0
14	67	25.0
14	72	18.0
14	73	82.0
14	83	42.0
14	84	62.0
14	87	169.0
14	100	26.0
14	116	17.0
14	117	4.0
14	125	31.0
14	126	50.0
14	133	84.0
14	134	120.0
14	135	57.0
14	136	18.0
14	145	26.0
14	146	59.0
14	169	84.0
14	214	7.0
14	219	16.0
14	231	6.0
14	232	62.0
14	233	46.0
15	8	21.0
15	9	6.0
15	24	12.0
15	25	20.0
15	49	42.0
15	71	14.0
15	72	117.0
15	87	227.0
15	99	15.0
15	114	28.0
15	116	60.0
15	134	7.0
15	135	29.0
15	136	84.0
15	137	93.0
15	138	70.0
15	139	12.0
15	145	68.0
15	146	17.0
15	165	1.0
15	168	29.0
15	169	23.0
15	219	40.0
15	250	36.0
15	251	8.0
16	8	15.0
16	9	23.0
16	24	86.0
16	25	220.0
16	26	63.0
16	49	54.0
16	50	105.0
16	71	96.0
16	72	35.0
16	87	186.0
16	98	16.0
16	99	24.0
16	116	11.0
16	138	20.0
16	139	87.0
16	140	93.0
16	141	65.0
16	145	77.0
16	148	5.0
16	167	33.0
16	168	75.0
16	176	168.0
16	218	22.0
16	219	7.0
16	227	71.0
16	228	40.0
16	249	27.0
16	250	112.0
16	251	23.0
17	8	5.0
17	9	42.0
17	24	41.0
17	25	273.0
17	26	366.0
17	27	36.0
17	46	16.0
17	47	16.0
17	48	35.0
17	49	9.0
17	50	252.0
17	51	22.0
17	70	66.0
17	71	43.0
17	87	206.0
17	94	13.0
17	98	53.0
17	117	62.0
17	131	36.0
17	132	29.0
17	142	107.0
17	145	75.0
17	148	20.0
17	167	79.0
17	170	49.0
17	171	52.0
17	172	37.0
17	176	117.0
17	177	76.0
17	187	17.0
17	218	68.0
17	223	21.0
17	249	18.0
18	9	53.0
18	25	28.0
18	26	283.0
18	27	366.0
18	28	26.0
18	46	13.0
18	50	10.0
18	51	85.0
18	69	24.0
18	70	153.0
18	77	30.0
18	78	7.0
18	86	1.0
18	87	248.0
18	94	18.0
18	97	29.0
18	131	15.0
18	132	92.0
18	133	102.0
18	140	14.0
18	141	99.0
18	142	40.0
18	143	14.0
18	144	84.0
18	148	9.0
18	166	138.0
18	169	38.0
18	170	31.0
18	172	11.0
18	173	81.0
18	177	13.0
18	187	71.0
18	188	11.0
18	218	17.0
18	249	25.0
19	9	71.0
19	25	74.0
19	26	53.0
19	27	278.0
19	28	444.0
19	29	9.0
19	45	19.0
19	52	7.0
19	77	56.0
19	78	31.0
19	86	16.0
19	87	228.0
19	95	58.0
19	96	43.0
19	133	52.0
19	134	114.0
19	135	43.0
19	141	73.0
19	142	9.0
19	165	56.0
19	166	13.0
19	187	84.0
19	217	13.0
19	249	23.0
20	25	113.0
20	26	23.0
20	28	285.0
20	29	376.0
20	50	16.0
20	77	21.0
20	78	79.0
20	86	15.0
20	87	163.0
20	135	90.0
20	136	128.0
20	158	8.0
20	165	54.0
20	187	104.0
20	216	57.0
20	249	20.0
21	8	31.0
21	29	253.0
21	30	424.0
21	46	8.0
21	50	12.0
21	51	27.0
21	78	41.0
21	79	73.0
21	86	33.0
21	87	150.0
21	157	115.0
21	158	38.0
21	170	26.0
21	177	10.0
21	178	75.0
21	179	23.0
21	187	118.0
21	215	17.0
21	216	70.0
21	217	47.0
21	249	33.0
22	11	17.0
22	50	81.0
22	51	52.0
22	77	11.0
22	79	29.0
22	80	78.0
22	86	42.0
22	87	133.0
22	136	6.0
22	137	32.0
22	176	9.0
22	177	91.0
22	186	37.0
22	187	122.0
22	213	13.0
22	214	52.0
22	216	35.0
22	217	17.0
22	249	18.0
23	47	7.0
23	48	56.0
23	49	86.0
23	50	49.0
23	77	41.0
23	78	23.0
23	80	31.0
23	81	65.0
23	86	78.0
23	87	167.0
23	139	16.0
23	160	10.0
23	161	31.0
23	162	7.0
23	175	152.0
23	176	154.0
23	177	126.0
23	186	37.0
23	187	51.0
23	212	6.0
23	213	167.0
23	214	41.0
23	222	109.0
23	223	13.0
23	235	102.0
23	236	54.0
23	237	9.0
23	239	7.0
23	241	19.0
23	242	11.0
23	253	7.0
24	0	39.0
24	1	59.0
24	46	45.0
24	47	89.0
24	48	24.0
24	71	21.0
24	81	34.0
24	82	60.0
24	86	106.0
24	87	129.0
24	159	20.0
24	160	32.0
24	175	20.0
24	176	150.0
24	177	130.0
24	178	6.0
24	179	17.0
24	186	109.0
24	212	15.0
24	213	13.0
24	222	38.0
24	223	53.0
24	237	26.0
24	238	23.0
25	1	9.0
25	2	86.0
25	3	31.0
25	44	92.0
25	45	80.0
25	46	24.0
25	48	31.0
25	50	15.0
25	51	64.0
25	52	70.0
25	82	21.0
25	83	73.0
25	86	95.0
25	87	88.0
25	137	109.0
25	138	13.0
25	157	11.0
25	158	83.0
25	159	22.0
25	176	171.0
25	177	27.0
25	186	83.0
25	223	19.0
25	230	7.0
25	231	44.0
25	232	30.0
25	234	11.0
26	29	29.0
26	30	34.0
26	31	31.0
26	32	21.0
26	44	37.0
26	51	26.0
26	52	42.0
26	86	110.0
26	87	79.0
26	137	52.0
26	156	26.0
26	157	86.0
26	158	26.0
26	168	7.0
26	169	5.0
26	176	176.0
26	230	29.0
26	231	53.0
26	233	16.0
26	234	155.0
27	26	15.0
27	27	35.0
27	28	30.0
27	80	41.0
27	81	70.0
27	86	165.0
27	87	82.0
27	137	12.0
27	155	64.0
27	156	48.0
27	176	168.0
27	204	26.0
27	205	42.0
27	206	54.0
27	207	42.0
27	208	39.0
27	209	25.0
27	235	40.0
27	254	39.0
27	255	67.0
28	26	54.0
28	27	34.0
28	61	100.0
28	70	80.0
28	71	28.0
28	81	123.0
28	82	74.0
28	86	185.0
28	87	61.0
28	93	6.0
28	145	26.0
28	146	69.0
28	154	42.0
28	155	24.0
28	158	30.0
28	159	16.0
28	175	35.0
28	176	115.0
28	195	42.0
28	196	24.0
28	207	13.0
28	208	33.0
28	209	66.0
28	210	34.0
28	211	56.0
28	212	62.0
28	213	64.0
28	214	60.0
28	215	39.0
28	216	89.0
28	217	28.0
28	233	16.0
28	234	11.0
28	235	40.0
28	254	35.0
29	26	67.0
29	27	45.0
29	41	31.0
29	60	1.0
29	61	81.0
29	70	33.0
29	75	31.0
29	76	28.0
29	81	24.0
29	82	12.0
29	86	204.0
29	87	45.0
29	145	87.0
29	146	242.0
29	147	24.0
29	149	15.0
29	152	43.0
29	153	63.0
29	158	25.0
29	159	82.0
29	175	13.0
29	195	14.0
29	208	148.0
29	216	37.0
29	217	19.0
29	218	37.0
29	234	85.0
29	235	21.0
30	39	20.0
30	60	6.0
30	75	33.0
30	76	65.0
30	77	87.0
30	78	108.0
30	79	60.0
30	80	15.0
30	86	200.0
30	87	50.0
30	145	31.0
30	146	296.0
30	147	38.0
30	151	35.0
30	152	49.0
30	158	103.0
30	201	31.0
30	202	57.0
30	203	5.0
30	208	165.0
30	234	90.0
30	235	154.0
31	34	11.0
31	37	10.0
31	39	39.0
31	40	18.0
31	78	23.0
31	79	37.0
31	80	61.0
31	81	142.0
31	82	94.0
31	83	91.0
31	84	22.0
31	86	184.0
31	87	15.0
31	146	244.0
31	147	89.0
31	149	1.0
31	150	77.0
31	151	2.0
31	201	25.0
31	207	134.0
31	208	25.0
31	219	35.0
31	220	28.0
31	235	35.0
32	10	44.0
32	11	35.0
32	33	60.0
32	34	37.0
32	83	48.0
32	84	79.0
32	85	108.0
32	86	277.0
32	87	96.0
32	146	170.0
32	147	227.0
32	148	40.0
32	149	62.0
32	185	24.0
32	200	33.0
32	207	30.0
32	208	30.0
32	216	31.0
32	220	42.0
32	221	142.0
33	33	23.0
33	51	13.0
33	86	226.0
33	87	22.0
33	88	69.0
33	89	103.0
33	90	24.0
33	146	52.0
33	147	442.0
33	148	29.0
33	185	60.0
33	186	8.0
33	199	13.0
33	200	28.0
33	215	22.0
33	216	23.0
33	220	72.0
33	221	284.0
34	50	31.0
34	51	81.0
34	85	3.0
34	86	235.0
34	145	5.0
34	146	57.0
34	147	503.0
34	175	30.0
34	176	35.0
34	206	23.0
34	215	97.0
34	221	259.0
35	50	99.0
35	51	86.0
35	73	28.0
35	85	6.0
35	86	171.0
35	99	11.0
35	100	43.0
35	101	162.0
35	114	17.0
35	115	39.0
35	116	12.0
35	144	42.0
35	145	60.0
35	147	449.0
35	148	26.0
35	215	151.0
35	221	241.0
35	254	12.0
36	50	219.0
36	51	28.0
36	85	27.0
36	86	184.0
36	99	40.0
36	100	61.0
36	101	32.0
36	114	95.0
36	115	141.0
36	116	28.0
36	143	52.0
36	144	16.0
36	147	94.0
36	148	78.0
36	168	42.0
36	182	33.0
36	183	45.0
36	203	32.0
36	204	33.0
36	221	63.0
36	236	31.0
36	237	56.0
36	252	11.0
36	253	25.0
37	50	193.0
37	84	25.0
37	85	93.0
37	86	173.0
37	113	41.0
37	114	241.0
37	115	35.0
37	141	34.0
37	142	182.0
37	151	39.0
37	152	11.0
37	168	44.0
37	203	109.0
37	204	36.0
37	236	13.0
37	237	135.0
37	250	8.0
37	251	20.0
38	50	165.0
38	61	8.0
38	62	11.0
38	83	33.0
38	84	26.0
38	85	117.0
38	86	204.0
38	112	93.0
38	113	86.0
38	114	189.0
38	134	90.0
38	135	23.0
38	151	75.0
38	152	53.0
38	171	11.0
38	235	34.0
38	237	20.0
38	249	36.0
38	250	6.0
39	24	98.0
39	25	37.0
39	83	43.0
39	85	80.0
39	86	160.0
39	88	7.0
39	91	11.0
39	92	20.0
39	93	18.0
39	110	23.0
39	111	70.0
39	112	18.0
39	113	141.0
39	114	78.0
39	134	64.0
39	178	31.0
39	218	87.0
39	219	54.0
39	223	19.0
39	235	90.0
39	236	22.0
39	237	2.0
39	247	18.0
39	248	35.0
40	23	32.0
40	24	321.0
40	25	125.0
40	40	66.0
40	41	19.0
40	42	82.0
40	43	30.0
40	65	16.0
40	66	54.0
40	67	54.0
40	68	48.0
40	69	113.0
40	70	54.0
40	71	88.0
40	72	59.0
40	73	74.0
40	74	62.0
40	75	67.0
40	76	84.0
40	77	89.0
40	78	74.0
40	79	69.0
40	80	79.0
40	81	223.0
40	82	126.0
40	83	151.0
40	84	95.0
40	85	189.0
40	86	260.0
40	87	108.0
40	88	119.0
40	89	105.0
40	90	66.0
40	91	61.0
40	92	55.0
40	93	47.0
40	94	16.0
40	109	77.0
40	110	42.0
40	113	66.0
40	164	8.0
40	178	26.0
40	179	55.0
40	217	9.0
40	218	43.0
40	235	6.0
40	236	48.0
40	246	42.0
41	23	33.0
41	24	528.0
41	25	171.0
41	40	30.0
41	41	76.0
41	42	6.0
41	43	27.0
41	49	28.0
41	50	18.0
41	61	71.0
41	62	95.0
41	63	117.0
41	64	92.0
41	65	74.0
41	66	101.0
41	67	88.0
41	68	60.0
41	69	108.0
41	70	36.0
41	71	50.0
41	72	25.0
41	73	26.0
41	74	9.0
41	75	12.0
41	76	13.0
41	77	10.0
41	81	22.0
41	82	5.0
41	83	52.0
41	85	116.0
41	86	107.0
41	107	42.0
41	108	118.0
41	129	21.0
41	130	5.0
41	139	29.0
41	140	59.0
41	141	26.0
41	153	61.0
41	165	29.0
41	179	9.0
41	180	92.0
41	217	23.0
41	236	63.0
41	244	35.0
42	23	17.0
42	24	546.0
42	25	140.0
42	43	30.0
42	45	12.0
42	48	26.0
42	49	90.0
42	72	98.0
42	83	35.0
42	85	151.0
42	86	146.0
42	106	30.0
42	107	37.0
42	129	63.0
42	139	47.0
42	140	35.0
42	141	29.0
42	153	104.0
42	166	34.0
42	208	15.0
42	209	10.0
42	215	18.0
42	216	18.0
42	217	32.0
42	237	81.0
42	242	29.0
42	243	32.0
43	23	8.0
43	24	622.0
43	25	106.0
43	44	9.0
43	46	78.0
43	49	214.0
43	50	121.0
43	51	28.0
43	71	105.0
43	72	113.0
43	82	5.0
43	83	14.0
43	85	166.0
43	86	80.0
43	98	25.0
43	99	30.0
43	129	35.0
43	138	14.0
43	139	8.0
43	140	8.0
43	153	83.0
43	167	50.0
43	168	12.0
43	178	78.0
43	179	107.0
43	201	12.0
43	215	33.0
43	237	9.0
43	241	26.0
44	0	68.0
44	1	20.0
44	23	7.0
44	24	674.0
44	25	41.0
44	46	16.0
44	50	62.0
44	51	196.0
44	52	25.0
44	61	53.0
44	62	52.0
44	63	82.0
44	82	49.0
44	85	183.0
44	86	55.0
44	98	27.0
44	99	22.0
44	129	9.0
44	137	13.0
44	138	25.0
44	139	44.0
44	140	111.0
44	141	64.0
44	153	82.0
44	168	70.0
44	169	43.0
44	179	25.0
44	201	50.0
44	202	10.0
44	212	48.0
44	214	11.0
44	215	43.0
44	238	9.0
44	241	24.0
45	0	136.0
45	1	14.0
45	23	6.0
45	24	719.0
45	25	8.0
45	52	146.0
45	53	25.0
45	61	27.0
45	62	41.0
45	63	65.0
45	82	38.0
45	85	244.0
45	86	58.0
45	99	32.0
45	133	52.0
45	134	56.0
45	135	40.0
45	136	21.0
45	139	31.0
45	140	380.0
45	141	373.0
45	142	2.0
45	155	6.0
45	169	42.0
45	170	58.0
45	212	118.0
45	213	96.0
45	214	16.0
45	242	15.0
45	245	32.0
46	0	54.0
46	24	492.0
46	31	72.0
46	32	11.0
46	62	72.0
46	63	19.0
46	82	51.0
46	85	190.0
46	86	21.0
46	99	84.0
46	100	39.0
46	140	304.0
46	141	792.0
46	142	164.0
46	155	34.0
46	156	29.0
46	157	51.0
46	158	28.0
46	170	37.0
46	171	61.0
46	197	12.0
46	198	30.0
46	213	119.0
46	214	58.0
46	227	73.0
46	228	53.0
46	230	4.0
46	242	8.0
46	248	22.0
46	249	41.0
47	31	193.0
47	32	34.0
47	57	7.0
47	85	238.0
47	86	14.0
47	99	11.0
47	105	34.0
47	106	21.0
47	107	57.0
47	112	18.0
47	140	11.0
47	141	417.0
47	142	619.0
47	143	13.0
47	157	6.0
47	158	23.0
47	159	45.0
47	160	67.0
47	161	35.0
47	162	13.0
47	171	63.0
47	172	61.0
47	193	66.0
47	194	33.0
47	197	46.0
47	214	136.0
47	215	40.0
47	227	24.0
47	229	9.0
47	230	35.0
47	247	14.0
47	249	46.0
47	250	27.0
48	31	99.0
48	32	37.0
48	57	11.0
48	85	184.0
48	103	11.0
48	104	12.0
48	105	7.0
48	106	29.0
48	107	26.0
48	112	21.0
48	113	22.0
48	138	7.0
48	141	16.0
48	142	703.0
48	143	400.0
48	150	14.0
48	162	20.0
48	163	49.0
48	164	146.0
48	165	97.0
48	166	12.0
48	172	37.0
48	173	56.0
48	193	20.0
48	194	52.0
48	195	47.0
48	196	48.0
48	197	31.0
48	205	19.0
48	215	26.0
48	228	41.0
48	229	20.0
48	247	17.0
48	249	59.0
49	31	22.0
49	32	97.0
49	85	168.0
49	138	22.0
49	139	8.0
49	142	1.0
49	143	283.0
49	149	20.0
49	150	59.0
49	160	34.0
49	161	32.0
49	164	124.0
49	165	35.0
49	173	28.0
49	174	56.0
49	195	23.0
49	196	69.0
49	227	36.0
49	228	120.0
49	229	7.0
49	247	18.0
50	9	10.0
50	10	14.0
50	32	161.0
50	81	53.0
50	84	10.0
50	85	215.0
50	91	4.0
50	136	26.0
50	139	10.0
50	141	37.0
50	160	8.0
50	182	54.0
50	183	61.0
50	193	12.0
50	195	66.0
50	228	5.0
51	9	27.0
51	10	25.0
51	81	67.0
51	84	36.0
51	85	169.0
51	119	20.0
51	120	89.0
51	121	16.0
51	139	34.0
51	140	21.0
51	141	58.0
51	142	30.0
51	192	42.0
51	194	26.0
51	195	37.0
51	238	31.0
52	84	63.0
52	85	183.0
52	91	44.0
52	92	44.0
52	93	16.0
52	119	11.0
52	120	152.0
52	121	81.0
52	141	79.0
52	142	39.0
52	164	54.0
52	183	10.0
52	184	16.0
52	191	31.0
52	194	54.0
52	238	30.0
52	239	18.0
53	58	9.0
53	59	12.0
53	84	74.0
53	85	154.0
53	90	14.0
53	120	51.0
53	121	213.0
53	122	4.0
53	152	100.0
53	164	27.0
53	190	29.0
53	193	45.0
53	238	23.0
53	239	74.0
53	248	5.0
54	4	39.0
54	44	20.0
54	45	13.0
54	84	102.0
54	85	135.0
54	90	42.0
54	121	217.0
54	122	104.0
54	151	26.0
54	152	15.0
54	189	24.0
54	192	61.0
54	193	42.0
54	202	56.0
54	203	206.0
54	204	36.0
54	247	11.0
54	249	24.0
55	4	43.0
55	45	59.0
55	51	34.0
55	52	61.0
55	84	132.0
55	85	131.0
55	121	39.0
55	122	239.0
55	150	6.0
55	151	22.0
55	152	52.0
55	180	18.0
55	188	40.0
55	192	75.0
55	201	22.0
55	202	797.0
55	203	1327.0
55	204	573.0
55	205	6.0
55	206	54.0
55	249	11.0
55	250	105.0
55	251	25.0
56	4	27.0
56	5	6.0
56	45	61.0
56	46	60.0
56	84	148.0
56	85	82.0
56	122	169.0
56	123	105.0
56	150	35.0
56	152	22.0
56	187	40.0
56	191	37.0
56	192	8.0
56	201	17.0
56	202	708.0
56	203	1256.0
56	204	599.0
56	205	57.0
57	5	25.0
57	11	62.0
57	12	89.0
57	13	47.0
57	46	124.0
57	47	30.0
57	84	165.0
57	85	55.0
57	122	8.0
57	123	277.0
57	186	37.0
57	191	54.0
57	202	59.0
57	203	178.0
57	204	32.0
58	5	49.0
58	8	15.0
58	9	111.0
58	10	189.0
58	11	170.0
58	12	75.0
58	13	12.0
58	46	48.0
58	47	75.0
58	84	160.0
58	85	31.0
58	123	177.0
58	124	118.0
58	185	48.0
58	186	21.0
58	190	56.0
58	197	4.0
58	252	15.0
59	5	28.0
59	6	52.0
59	7	144.0
59	8	156.0
59	9	93.0
59	10	37.0
59	47	51.0
59	48	17.0
59	84	195.0
59	85	18.0
59	124	104.0
59	184	53.0
59	185	19.0
59	189	29.0
59	190	27.0
59	197	22.0
59	248	33.0
59	249	40.0
59	251	26.0
59	252	57.0
60	3	42.0
60	4	216.0
60	5	238.0
60	6	111.0
60	7	19.0
60	48	92.0
60	84	217.0
60	85	7.0
60	100	89.0
60	118	97.0
60	183	18.0
60	189	55.0
60	195	11.0
60	197	25.0
60	247	22.0
61	2	177.0
61	3	244.0
61	4	48.0
61	48	26.0
61	49	46.0
61	75	75.0
61	76	64.0
61	83	3.0
61	84	288.0
61	85	3.0
61	99	89.0
61	100	92.0
61	118	152.0
61	119	38.0
61	120	10.0
61	188	4.0
61	194	23.0
61	197	22.0
61	214	26.0
62	49	147.0
62	76	84.0
62	83	12.0
62	84	257.0
62	85	41.0
62	98	187.0
62	99	56.0
62	188	16.0
62	191	7.0
62	192	27.0
62	193	11.0
62	196	37.0
62	197	66.0
62	219	44.0
62	220	24.0
62	233	7.0
62	241	23.0
62	242	19.0
62	243	10.0
63	82	65.0
63	83	26.0
63	84	254.0
63	85	110.0
63	86	56.0
63	97	114.0
63	98	75.0
63	185	35.0
63	186	13.0
63	188	11.0
63	194	8.0
63	195	32.0
63	196	67.0
63	197	62.0
63	198	107.0
63	199	59.0
63	219	27.0
63	220	18.0
63	241	12.0
63	242	34.0
63	243	50.0
63	244	75.0
63	245	69.0
63	246	55.0
63	247	42.0
63	248	13.0
63	252	29.0
63	253	31.0
63	254	36.0
63	255	34.0
64	53	125.0
64	77	7.0
64	82	34.0
64	83	44.0
64	84	185.0
64	85	14.0
64	86	17.0
64	96	113.0
64	97	40.0
64	131	68.0
64	132	79.0
64	133	29.0
64	134	28.0
64	135	75.0
64	136	174.0
64	175	15.0
64	190	12.0
64	191	19.0
64	192	29.0
64	193	21.0
64	194	15.0
64	197	22.0
64	221	9.0
64	222	25.0
64	232	6.0
64	247	25.0
64	248	50.0
64	249	72.0
64	250	69.0
64	251	71.0
64	252	60.0
64	253	33.0
65	2	6.0
65	53	18.0
65	77	201.0
65	80	66.0
65	81	51.0
65	82	62.0
65	83	100.0
65	84	200.0
65	94	20.0
65	95	149.0
65	96	35.0
65	116	32.0
65	118	76.0
65	119	45.0
65	120	12.0
65	133	21.0
65	135	25.0
65	136	71.0
65	175	27.0
65	197	37.0
65	220	48.0
65	221	102.0
65	222	38.0
65	232	7.0
65	253	19.0
65	254	55.0
65	255	60.0
66	1	14.0
66	77	21.0
66	78	29.0
66	79	12.0
66	80	132.0
66	81	56.0
66	83	67.0
66	84	159.0
66	93	21.0
66	94	125.0
66	95	45.0
66	116	171.0
66	117	118.0
66	133	23.0
66	134	13.0
66	135	98.0
66	136	39.0
66	137	56.0
66	138	108.0
66	168	11.0
66	169	30.0
66	170	44.0
66	171	12.0
66	175	23.0
66	205	10.0
66	219	111.0
66	220	91.0
66	221	20.0
66	232	24.0
67	1	28.0
67	79	33.0
67	80	316.0
67	81	70.0
67	83	89.0
67	84	151.0
67	93	60.0
67	94	35.0
67	106	21.0
67	107	5.0
67	108	10.0
67	134	32.0
67	137	54.0
67	154	33.0
67	168	7.0
67	170	37.0
67	171	139.0
67	205	91.0
67	206	40.0
67	217	46.0
67	218	114.0
67	219	34.0
67	232	21.0
67	245	22.0
67	250	15.0
68	0	12.0
68	33	6.0
68	80	258.0
68	81	65.0
68	82	18.0
68	83	112.0
68	84	128.0
68	105	30.0
68	134	45.0
68	136	12.0
68	137	36.0
68	154	53.0
68	155	11.0
68	163	9.0
68	171	10.0
68	195	16.0
68	196	100.0
68	198	29.0
68	205	42.0
68	206	127.0
68	216	114.0
68	217	69.0
68	232	44.0
68	246	67.0
68	247	6.0
68	248	48.0
68	249	22.0
68	250	36.0
69	2	14.0
69	45	29.0
69	46	57.0
69	47	78.0
69	48	112.0
69	49	108.0
69	50	126.0
69	51	176.0
69	52	162.0
69	53	245.0
69	54	242.0
69	55	253.0
69	56	228.0
69	57	281.0
69	58	245.0
69	59	201.0
69	60	41.0
69	80	246.0
69	83	128.0
69	84	98.0
69	85	119.0
69	105	29.0
69	127	65.0
69	128	26.0
69	134	30.0
69	136	13.0
69	137	13.0
69	154	38.0
69	155	43.0
69	162	31.0
69	163	46.0
69	206	148.0
69	207	85.0
69	214	37.0
69	215	137.0
69	216	15.0
69	230	145.0
69	231	62.0
69	232	28.0
69	235	17.0
69	251	12.0
69	252	33.0
70	30	13.0
70	32	3.0
70	45	57.0
70	46	114.0
70	47	123.0
70	48	121.0
70	49	85.0
70	50	60.0
70	51	45.0
70	52	21.0
70	53	6.0
70	57	90.0
70	80	198.0
70	83	193.0
70	84	108.0
70	85	15.0
70	105	80.0
70	106	55.0
70	127	31.0
70	128	19.0
70	134	18.0
70	135	38.0
70	155	47.0
70	162	66.0
70	163	8.0
70	206	8.0
70	207	148.0
70	230	13.0
70	231	59.0
70	235	36.0
71	0	71.0
71	5	36.0
71	6	35.0
71	56	15.0
71	69	54.0
71	80	228.0
71	83	193.0
71	84	50.0
71	105	29.0
71	106	46.0
71	135	79.0
71	155	61.0
71	161	60.0
71	174	32.0
71	207	114.0
71	208	158.0
71	253	8.0
72	0	30.0
72	5	25.0
72	6	5.0
72	56	14.0
72	69	120.0
72	70	40.0
72	80	100.0
72	83	224.0
72	84	33.0
72	135	53.0
72	155	52.0
72	160	26.0
72	181	37.0
72	182	9.0
72	208	248.0
73	2	28.0
73	3	25.0
73	4	20.0
73	5	46.0
73	56	42.0
73	68	17.0
73	69	21.0
73	83	228.0
73	84	19.0
73	144	18.0
73	155	44.0
73	159	8.0
73	160	15.0
73	180	11.0
73	181	218.0
73	182	76.0
73	208	2.0
73	209	8.0
74	1	4.0
74	2	45.0
74	3	119.0
74	4	86.0
74	55	10.0
74	68	5.0
74	69	19.0
74	83	282.0
74	84	9.0
74	125	21.0
74	158	9.0
74	159	31.0
74	180	8.0
74	181	308.0
74	182	99.0
74	253	12.0
75	55	180.0
75	56	22.0
75	83	257.0
75	86	28.0
75	87	54.0
75	138	77.0
75	139	14.0
75	144	25.0
75	145	13.0
75	146	19.0
75	147	18.0
75	158	50.0
75	181	357.0
75	182	66.0
75	192	35.0
75	193	77.0
75	200	17.0
75	254	19.0
76	25	18.0
76	26	103.0
76	27	17.0
76	83	252.0
76	86	36.0
76	87	56.0
76	137	12.0
76	138	115.0
76	139	33.0
76	140	31.0
76	141	7.0
76	142	11.0
76	148	22.0
76	157	98.0
76	181	387.0
76	182	64.0
76	192	90.0
76	193	96.0
76	199	11.0
76	211	23.0
77	5	33.0
77	12	6.0
77	13	10.0
77	25	155.0
77	26	170.0
77	82	13.0
77	83	274.0
77	156	44.0
77	161	28.0
77	162	87.0
77	163	15.0
77	181	365.0
77	182	28.0
77	189	19.0
77	192	138.0
77	193	27.0
77	200	51.0
77	232	7.0
77	233	28.0
78	4	61.0
78	5	62.0
78	24	28.0
78	25	316.0
78	26	41.0
78	50	21.0
78	69	12.0
78	82	19.0
78	83	233.0
78	155	8.0
78	156	15.0
78	159	25.0
78	160	46.0
78	161	188.0
78	162	214.0
78	163	19.0
78	173	86.0
78	174	48.0
78	175	22.0
78	176	21.0
78	177	19.0
78	178	7.0
78	181	345.0
78	182	1.0
78	189	22.0
78	191	85.0
78	192	27.0
78	214	16.0
78	232	11.0
78	233	80.0
79	3	44.0
79	4	18.0
79	24	237.0
79	25	137.0
79	50	13.0
79	82	36.0
79	83	212.0
79	112	34.0
79	160	115.0
79	161	327.0
79	162	86.0
79	172	50.0
79	178	19.0
79	181	343.0
79	190	35.0
79	191	70.0
79	234	56.0
79	237	23.0
79	238	26.0
79	239	30.0
80	2	71.0
80	23	46.0
80	24	336.0
80	39	14.0
80	82	47.0
80	83	196.0
80	105	35.0
80	106	130.0
80	107	19.0
80	112	53.0
80	147	12.0
80	159	42.0
80	160	395.0
80	161	182.0
80	179	16.0
80	181	72.0
80	190	99.0
80	219	24.0
80	234	19.0
80	236	13.0
80	237	41.0
81	0	21.0
81	1	59.0
81	23	404.0
81	24	34.0
81	29	57.0
81	30	35.0
81	39	33.0
81	40	11.0
81	82	82.0
81	83	190.0
81	106	18.0
81	107	18.0
81	112	71.0
81	146	8.0
81	147	114.0
81	148	38.0
81	149	21.0
81	150	26.0
81	151	7.0
81	159	277.0
81	160	384.0
81	161	12.0
81	175	36.0
81	176	40.0
81	179	24.0
81	189	134.0
81	190	26.0
81	230	31.0
81	231	43.0
81	232	40.0
81	233	25.0
81	235	89.0
81	236	26.0
82	0	113.0
82	23	36.0
82	29	160.0
82	30	12.0
82	39	19.0
82	40	8.0
82	82	109.0
82	83	187.0
82	112	65.0
82	144	9.0
82	151	16.0
82	158	121.0
82	159	473.0
82	160	47.0
82	174	19.0
82	175	105.0
82	176	29.0
82	180	39.0
82	188	25.0
82	189	63.0
82	225	70.0
82	226	50.0
82	227	72.0
82	233	24.0
82	234	68.0
82	235	110.0
82	236	81.0
82	237	32.0
82	238	4.0
83	28	147.0
83	29	304.0
83	39	13.0
83	40	26.0
83	82	142.0
83	83	169.0
83	111	23.0
83	112	43.0
83	143	41.0
83	144	32.0
83	157	29.0
83	158	501.0
83	159	144.0
83	174	100.0
83	175	69.0
83	181	14.0
83	182	22.0
83	183	5.0
83	184	34.0
83	203	15.0
83	224	8.0
83	225	47.0
83	228	17.0
83	233	37.0
83	234	113.0
83	237	8.0
83	238	37.0
83	239	61.0
83	240	55.0
83	241	51.0
83	242	34.0
83	243	48.0
83	244	171.0
83	245	22.0
84	28	196.0
84	29	21.0
84	39	19.0
84	40	85.0
84	82	182.0
84	83	167.0
84	111	62.0
84	135	15.0
84	143	44.0
84	157	416.0
84	158	289.0
84	173	44.0
84	174	139.0
84	229	23.0
84	230	5.0
84	232	12.0
84	233	19.0
84	242	36.0
84	243	58.0
84	244	245.0
84	245	154.0
84	246	23.0
85	27	40.0
85	28	178.0
85	40	119.0
85	82	145.0
85	83	77.0
85	111	42.0
85	134	43.0
85	135	33.0
85	137	49.0
85	143	154.0
85	156	307.0
85	157	479.0
85	173	102.0
85	229	39.0
85	231	40.0
85	232	10.0
85	246	6.0
85	247	47.0
86	27	174.0
86	40	46.0
86	82	213.0
86	83	77.0
86	99	10.0
86	143	19.0
86	154	57.0
86	155	40.0
86	156	722.0
86	157	10.0
86	172	160.0
86	173	34.0
86	187	27.0
86	228	33.0
86	229	27.0
86	230	19.0
86	231	32.0
87	27	35.0
87	40	61.0
87	82	254.0
87	83	49.0
87	93	9.0
87	94	20.0
87	95	16.0
87	96	5.0
87	99	11.0
87	102	3.0
87	103	6.0
87	154	9.0
87	171	47.0
87	172	65.0
87	185	21.0
87	187	5.0
87	228	49.0
88	40	42.0
88	82	251.0
88	83	30.0
88	105	6.0
88	171	117.0
88	184	27.0
88	227	26.0
88	228	14.0
88	253	6.0
89	17	36.0
89	18	29.0
89	40	51.0
89	82	347.0
89	83	23.0
89	95	18.0
89	175	28.0
89	176	5.0
89	177	26.0
89	181	17.0
89	182	26.0
89	183	15.0
89	227	52.0
89	252	26.0
90	17	33.0
90	18	2.0
90	82	334.0
90	83	13.0
90	94	19.0
90	95	61.0
90	129	8.0
90	130	43.0
90	175	65.0
90	176	52.0
90	177	103.0
90	178	36.0
90	181	11.0
90	226	22.0
90	227	15.0
90	251	20.0
91	81	9.0
91	82	348.0
91	94	33.0
91	95	60.0
91	130	113.0
91	131	11.0
91	146	27.0
91	153	26.0
91	154	24.0
91	177	15.0
91	226	48.0
91	251	49.0
92	1	21.0
92	2	11.0
92	81	13.0
92	82	299.0
92	94	44.0
92	95	34.0
92	130	12.0
92	131	69.0
92	145	107.0
92	146	28.0
92	148	20.0
92	149	49.0
92	153	152.0
92	154	86.0
92	225	26.0
92	226	13.0
92	250	10.0
92	251	40.0
93	81	20.0
93	82	281.0
93	94	74.0
93	95	12.0
93	131	80.0
93	132	14.0
93	144	14.0
93	145	10.0
93	148	80.0
93	149	58.0
93	153	232.0
93	154	60.0
93	218	9.0
93	219	100.0
93	220	54.0
93	225	72.0
93	245	60.0
93	246	65.0
94	18	49.0
94	81	38.0
94	82	227.0
94	93	75.0
94	94	83.0
94	132	53.0
94	143	68.0
94	144	30.0
94	147	40.0
94	148	68.0
94	153	272.0
94	218	71.0
94	219	40.0
94	220	34.0
94	221	29.0
94	224	34.0
94	225	35.0
94	245	8.0
94	246	53.0
95	18	31.0
95	81	58.0
95	82	234.0
95	91	43.0
95	92	46.0
95	93	64.0
95	94	117.0
95	127	17.0
95	128	27.0
95	129	20.0
95	130	9.0
95	131	17.0
95	132	26.0
95	147	90.0
95	153	269.0
95	221	10.0
95	222	26.0
95	223	32.0
95	224	105.0
95	225	29.0
95	245	48.0
95	246	35.0
95	247	42.0
96	2	38.0
96	16	19.0
96	17	104.0
96	18	8.0
96	81	73.0
96	82	217.0
96	83	14.0
96	91	54.0
96	92	24.0
96	94	110.0
96	122	23.0
96	126	86.0
96	127	51.0
96	146	92.0
96	147	17.0
96	153	209.0
96	213	11.0
96	223	128.0
96	224	54.0
96	225	9.0
96	226	34.0
96	227	55.0
96	228	39.0
96	229	28.0
96	230	6.0
96	245	24.0
96	247	32.0
96	248	11.0
96	250	11.0
97	1	60.0
97	2	64.0
97	76	42.0
97	77	17.0
97	81	88.0
97	82	229.0
97	83	25.0
97	92	68.0
97	94	75.0
97	121	6.0
97	122	55.0
97	139	8.0
97	140	34.0
97	145	59.0
97	146	69.0
97	153	185.0
97	184	8.0
97	213	49.0
97	223	122.0
97	229	19.0
97	230	73.0
97	231	51.0
97	232	41.0
97	233	21.0
97	245	98.0
97	246	38.0
98	0	40.0
98	1	80.0
98	75	26.0
98	76	141.0
98	77	59.0
98	81	101.0
98	82	195.0
98	93	11.0
98	94	43.0
98	121	8.0
98	122	18.0
98	140	68.0
98	141	29.0
98	145	111.0
98	146	13.0
98	147	15.0
98	148	40.0
98	149	22.0
98	191	6.0
98	192	17.0
98	223	16.0
98	233	25.0
98	234	38.0
98	235	37.0
98	236	34.0
98	240	24.0
99	0	88.0
99	77	5.0
99	78	14.0
99	81	136.0
99	82	207.0
99	93	29.0
99	122	19.0
99	137	56.0
99	138	20.0
99	144	126.0
99	149	13.0
99	227	34.0
99	228	113.0
99	237	45.0
99	238	54.0
99	239	37.0
99	240	18.0
100	0	6.0
100	74	2.0
100	75	46.0
100	76	9.0
100	78	20.0
100	81	143.0
100	82	163.0
100	124	26.0
100	136	32.0
100	137	216.0
100	138	40.0
100	144	64.0
100	146	57.0
100	147	103.0
100	148	11.0
100	149	28.0
100	226	16.0
100	227	55.0
100	241	38.0
100	245	43.0
100	246	31.0
100	248	27.0
100	249	14.0
101	74	72.0
101	75	37.0
101	81	139.0
101	82	146.0
101	136	214.0
101	137	132.0
101	146	11.0
101	147	26.0
101	148	24.0
101	203	19.0
101	226	31.0
101	249	19.0
101	250	61.0
101	251	53.0
101	252	27.0
102	74	70.0
102	81	195.0
102	82	149.0
102	129	5.0
102	135	106.0
102	136	275.0
102	202	32.0
102	203	52.0
102	204	103.0
102	205	52.0
102	226	22.0
102	252	20.0
102	253	49.0
102	254	60.0
102	255	36.0
103	5	7.0
103	44	17.0
103	81	200.0
103	82	133.0
103	104	52.0
103	105	32.0
103	135	351.0
103	136	18.0
103	202	158.0
103	203	67.0
103	204	33.0
103	205	13.0
103	243	79.0
103	244	34.0
103	255	19.0
104	43	7.0
104	44	23.0
104	81	285.0
104	82	153.0
104	104	16.0
104	125	32.0
104	126	19.0
104	134	165.0
104	135	50.0
104	166	4.0
104	243	11.0
104	244	9.0
104	247	21.0
104	248	47.0
105	43	4.0
105	44	7.0
105	81	256.0
105	82	123.0
105	99	19.0
105	100	36.0
105	181	13.0
105	248	12.0
106	81	315.0
106	82	107.0
106	99	20.0
106	100	87.0
106	161	30.0
106	162	21.0
106	168	84.0
106	169	85.0
107	81	331.0
107	82	93.0
107	146	47.0
107	147	153.0
107	168	52.0
107	169	15.0
107	176	6.0
107	242	9.0
108	52	6.0
108	60	39.0
108	61	145.0
108	80	2.0
108	81	370.0
108	82	96.0
108	146	52.0
108	147	60.0
108	176	29.0
108	177	34.0
108	226	6.0
108	230	25.0
108	234	27.0
109	51	26.0
109	81	310.0
109	82	50.0
109	147	10.0
109	148	8.0
109	177	22.0
109	178	25.0
109	209	10.0
109	210	51.0
109	226	9.0
109	227	34.0
109	230	129.0
109	231	36.0
109	234	20.0
109	252	21.0
109	253	140.0
109	254	132.0
109	255	54.0
110	47	108.0
110	48	21.0
110	51	18.0
110	81	326.0
110	82	41.0
110	178	58.0
110	179	36.0
110	209	70.0
110	210	112.0
110	227	53.0
110	234	36.0
110	250	12.0
110	251	88.0
110	252	123.0
110	253	140.0
110	254	144.0
110	255	18.0
111	15	17.0
111	47	319.0
111	80	3.0
111	81	322.0
111	82	41.0
111	145	10.0
111	175	115.0
111	179	67.0
111	180	20.0
111	209	172.0
111	210	72.0
111	222	38.0
111	223	39.0
111	227	52.0
111	228	12.0
111	233	49.0
111	248	32.0
111	249	105.0
111	250	188.0
111	251	144.0
111	252	59.0
111	254	39.0
112	51	41.0
112	52	3.0
112	81	305.0
112	82	25.0
112	145	22.0
112	175	10.0
112	176	37.0
112	180	49.0
112	181	29.0
112	208	51.0
112	209	184.0
112	222	45.0
112	223	41.0
112	227	20.0
112	228	69.0
112	232	14.0
112	233	24.0
112	246	47.0
112	247	161.0
112	248	185.0
112	249	92.0
112	250	26.0
112	253	32.0
112	254	10.0
113	52	69.0
113	53	70.0
113	80	3.0
113	81	274.0
113	82	17.0
113	90	21.0
113	144	14.0
113	145	50.0
113	181	46.0
113	208	191.0
113	209	82.0
113	222	57.0
113	223	68.0
113	228	65.0
113	232	46.0
113	243	21.0
113	244	106.0
113	245	214.0
113	246	182.0
113	247	74.0
113	248	3.0
113	252	18.0
114	52	57.0
114	53	13.0
114	80	4.0
114	81	296.0
114	82	24.0
114	89	131.0
114	90	292.0
114	91	100.0
114	122	14.0
114	123	22.0
114	124	20.0
114	145	23.0
114	207	27.0
114	208	231.0
114	209	33.0
114	222	51.0
114	223	82.0
114	228	83.0
114	231	24.0
114	232	9.0
114	241	28.0
114	242	145.0
114	243	304.0
114	244	176.0
114	245	41.0
115	42	18.0
115	70	20.0
115	71	12.0
115	80	10.0
115	81	300.0
115	82	29.0
115	88	94.0
115	89	698.0
115	90	715.0
115	91	176.0
115	122	5.0
115	123	60.0
115	124	43.0
115	146	25.0
115	207	161.0
115	208	139.0
115	209	55.0
115	229	50.0
115	231	46.0
115	239	52.0
115	240	176.0
115	241	204.0
115	242	92.0
115	243	7.0
116	41	21.0
116	42	54.0
116	43	12.0
116	69	49.0
116	70	70.0
116	71	20.0
116	80	17.0
116	81	365.0
116	82	47.0
116	88	266.0
116	89	996.0
116	90	700.0
116	91	64.0
116	146	15.0
116	147	40.0
116	148	16.0
116	149	4.0
116	179	28.0
116	180	33.0
116	206	4.0
116	207	292.0
116	230	58.0
116	236	7.0
116	237	141.0
116	238	214.0
116	239	149.0
116	240	28.0
117	40	25.0
117	41	46.0
117	42	13.0
117	60	11.0
117	70	32.0
117	71	29.0
117	80	13.0
117	81	335.0
117	82	52.0
117	88	61.0
117	89	410.0
117	90	164.0
117	96	39.0
117	107	36.0
117	108	46.0
117	147	9.0
117	148	18.0
117	172	20.0
117	179	119.0
117	206	149.0
117	207	156.0
117	234	43.0
117	235	196.0
117	236	256.0
117	237	120.0
117	245	6.0
117	246	33.0
117	249	18.0
118	39	40.0
118	40	49.0
118	70	46.0
118	71	81.0
118	72	99.0
118	73	50.0
118	74	7.0
118	80	12.0
118	81	354.0
118	82	64.0
118	96	86.0
118	108	88.0
118	178	78.0
118	179	42.0
118	206	296.0
118	232	112.0
118	233	205.0
118	234	197.0
118	235	33.0
118	245	114.0
118	246	34.0
118	247	26.0
118	248	29.0
118	249	48.0
118	250	23.0
119	35	19.0
119	38	55.0
119	39	21.0
119	72	12.0
119	73	30.0
119	74	64.0
119	75	85.0
119	76	53.0
119	77	10.0
119	80	12.0
119	81	391.0
119	82	96.0
119	93	7.0
119	94	4.0
119	95	206.0
119	143	29.0
119	144	38.0
119	145	47.0
119	177	7.0
119	178	93.0
119	205	56.0
119	206	233.0
119	230	197.0
119	231	203.0
119	232	126.0
119	245	45.0
120	1	41.0
120	2	28.0
120	34	14.0
120	35	99.0
120	36	60.0
120	37	102.0
120	38	31.0
120	76	40.0
120	77	104.0
120	78	120.0
120	79	68.0
120	80	2.0
120	81	299.0
120	82	92.0
120	111	18.0
120	145	22.0
120	146	26.0
120	177	102.0
120	180	48.0
121	2	44.0
121	3	47.0
121	35	24.0
121	36	143.0
121	48	41.0
121	79	25.0
121	80	98.0
121	81	408.0
121	82	206.0
121	111	82.0
121	112	93.0
121	121	40.0
121	180	31.0
121	185	56.0
122	3	41.0
122	4	79.0
122	34	34.0
122	35	60.0
122	36	50.0
122	47	12.0
122	48	136.0
122	49	136.0
122	80	1.0
122	81	314.0
122	82	194.0
122	83	79.0
122	93	17.0
122	112	138.0
122	178	7.0
122	179	19.0
122	222	49.0
122	223	10.0
122	230	29.0
123	4	19.0
123	5	137.0
123	33	53.0
123	34	70.0
123	48	22.0
123	49	163.0
123	50	188.0
123	51	8.0
123	78	9.0
123	79	25.0
123	80	59.0
123	81	366.0
123	82	213.0
123	83	9.0
123	93	8.0
123	172	25.0
123	178	103.0
123	179	54.0
123	187	201.0
123	222	123.0
123	230	61.0
124	6	38.0
124	32	73.0
124	33	14.0
124	41	18.0
124	42	12.0
124	50	143.0
124	51	249.0
124	52	16.0
124	58	40.0
124	75	7.0
124	76	30.0
124	77	46.0
124	78	50.0
124	79	39.0
124	80	21.0
124	81	292.0
124	82	193.0
124	93	17.0
124	151	33.0
124	152	25.0
124	161	99.0
124	183	25.0
124	186	50.0
124	187	576.0
124	203	16.0
124	204	9.0
124	221	21.0
124	227	18.0
124	228	30.0
124	230	31.0
125	31	100.0
125	41	103.0
125	42	157.0
125	51	64.0
125	52	321.0
125	53	40.0
125	71	13.0
125	72	52.0
125	73	57.0
125	74	70.0
125	75	30.0
125	81	269.0
125	82	220.0
125	93	8.0
125	151	56.0
125	152	111.0
125	160	45.0
125	161	31.0
125	182	23.0
125	183	68.0
125	186	407.0
125	187	187.0
125	220	30.0
125	227	44.0
125	228	69.0
126	28	89.0
126	29	156.0
126	30	166.0
126	31	96.0
126	32	44.0
126	33	17.0
126	41	57.0
126	42	357.0
126	43	125.0
126	52	49.0
126	53	287.0
126	54	43.0
126	68	41.0
126	69	51.0
126	70	50.0
126	71	59.0
126	72	31.0
126	80	1.0
126	81	276.0
126	82	246.0
126	92	18.0
126	120	54.0
126	121	135.0
126	122	27.0
126	152	52.0
126	153	42.0
126	160	40.0
126	161	54.0
126	178	38.0
126	183	14.0
126	185	107.0
126	186	374.0
126	203	28.0
126	227	38.0
127	28	100.0
127	29	253.0
127	30	347.0
127	31	365.0
127	32	398.0
127	33	450.0
127	34	380.0
127	35	340.0
127	36	292.0
127	37	221.0
127	38	86.0
127	39	52.0
127	40	190.0
127	41	413.0
127	42	513.0
127	43	327.0
127	44	11.0
127	53	3.0
127	54	188.0
127	64	12.0
127	65	36.0
127	66	58.0
127	67	44.0
127	68	79.0
127	69	8.0
127	81	254.0
127	82	264.0
127	92	24.0
127	118	7.0
127	120	32.0
127	121	44.0
127	126	34.0
127	127	104.0
127	128	25.0
127	153	143.0
127	154	20.0
127	161	86.0
127	178	15.0
127	179	52.0
127	181	8.0
127	182	69.0
127	183	38.0
127	184	17.0
127	185	447.0
127	186	147.0
127	208	22.0
127	226	23.0
127	227	34.0
128	30	4.0
128	31	8.0
128	32	15.0
128	33	33.0
128	34	44.0
128	35	59.0
128	36	105.0
128	37	183.0
128	38	336.0
128	39	279.0
128	40	173.0
128	42	2.0
128	43	288.0
128	44	170.0
128	61	67.0
128	62	54.0
128	63	63.0
128	64	49.0
128	68	67.0
128	80	1.0
128	81	257.0
128	82	321.0
128	83	2.0
128	91	37.0
128	118	34.0
128	119	31.0
128	125	20.0
128	126	111.0
128	127	85.0
128	128	173.0
128	129	106.0
128	154	67.0
128	179	26.0
128	180	44.0
128	182	20.0
128	183	129.0
128	184	308.0
128	185	398.0
128	186	12.0
128	195	10.0
128	199	14.0
128	208	71.0
128	209	33.0
128	226	56.0
129	43	31.0
129	44	437.0
129	45	43.0
129	57	32.0
129	58	68.0
129	59	67.0
129	60	44.0
129	61	23.0
129	81	278.0
129	82	356.0
129	83	1.0
129	91	50.0
129	119	48.0
129	120	35.0
129	125	26.0
129	126	85.0
129	128	14.0
129	129	113.0
129	130	164.0
129	131	25.0
129	151	6.0
129	154	12.0
129	155	63.0
129	156	20.0
129	180	51.0
129	181	58.0
129	183	16.0
129	184	243.0
129	185	240.0
129	186	43.0
129	198	13.0
129	208	15.0
129	209	15.0
129	225	27.0
129	226	27.0
130	44	138.0
130	45	352.0
130	46	13.0
130	53	7.0
130	54	45.0
130	55	69.0
130	56	72.0
130	57	51.0
130	81	255.0
130	82	324.0
130	83	2.0
130	91	44.0
130	92	33.0
130	110	17.0
130	115	30.0
130	117	15.0
130	120	20.0
130	121	51.0
130	130	27.0
130	131	193.0
130	132	135.0
130	152	38.0
130	155	63.0
130	156	34.0
130	178	15.0
130	179	97.0
130	180	23.0
130	181	63.0
130	184	42.0
130	185	15.0
130	186	96.0
130	187	97.0
130	189	11.0
130	225	66.0
131	19	6.0
131	20	15.0
131	45	408.0
131	46	109.0
131	50	51.0
131	51	86.0
131	52	57.0
131	53	53.0
131	81	246.0
131	82	377.0
131	83	2.0
131	91	62.0
131	92	62.0
131	116	12.0
131	117	16.0
131	121	13.0
131	122	86.0
131	132	107.0
131	133	94.0
131	153	15.0
131	156	20.0
131	187	29.0
131	188	137.0
131	189	19.0
131	210	23.0
131	224	45.0
131	225	27.0
131	255	11.0
132	46	308.0
132	47	83.0
132	48	64.0
132	49	65.0
132	50	16.0
132	80	1.0
132	81	251.0
132	82	335.0
132	83	2.0
132	92	55.0
132	122	3.0
132	123	58.0
132	136	23.0
132	137	53.0
132	154	7.0
132	185	27.0
132	186	73.0
132	187	35.0
132	208	20.0
132	209	25.0
132	220	51.0
132	221	13.0
132	224	61.0
132	225	18.0
132	226	39.0
133	43	101.0
133	44	95.0
133	45	56.0
133	46	27.0
133	80	2.0
133	81	265.0
133	82	355.0
133	83	2.0
133	92	44.0
133	120	43.0
133	121	20.0
133	124	61.0
133	125	18.0
133	136	72.0
133	137	101.0
133	153	65.0
133	154	103.0
133	183	25.0
133	184	84.0
133	185	27.0
133	206	16.0
133	207	42.0
133	220	29.0
133	221	14.0
133	223	33.0
133	224	19.0
133	226	62.0
134	26	33.0
134	28	21.0
134	40	45.0
134	41	45.0
134	42	71.0
134	57	12.0
134	58	25.0
134	80	1.0
134	81	320.0
134	82	404.0
134	83	2.0
134	125	8.0
134	136	19.0
134	137	66.0
134	155	30.0
134	181	31.0
134	182	50.0
134	183	24.0
134	205	54.0
134	206	16.0
134	223	73.0
134	226	37.0
134	227	41.0
135	24	22.0
135	25	52.0
135	26	27.0
135	28	23.0
135	29	125.0
135	30	22.0
135	57	44.0
135	58	139.0
135	80	2.0
135	81	331.0
135	82	413.0
135	83	2.0
135	137	87.0
135	155	38.0
135	179	24.0
135	180	68.0
135	181	33.0
135	201	69.0
135	202	41.0
135	203	37.0
135	204	20.0
135	222	32.0
135	227	143.0
136	24	149.0
136	25	75.0
136	29	20.0
136	30	67.0
136	58	143.0
136	79	16.0
136	80	19.0
136	81	364.0
136	82	376.0
136	83	2.0
136	137	69.0
136	177	22.0
136	178	69.0
136	179	27.0
136	180	56.0
136	181	27.0
136	201	41.0
136	202	120.0
136	227	36.0
136	228	34.0
137	23	33.0
137	24	53.0
137	30	36.0
137	31	52.0
137	58	117.0
137	59	44.0
137	79	10.0
137	80	2.0
137	81	370.0
137	82	345.0
137	83	1.0
137	138	49.0
137	175	22.0
137	176	42.0
137	177	25.0
137	202	69.0
137	228	14.0
138	22	21.0
138	23	72.0
138	30	32.0
138	31	20.0
138	32	56.0
138	58	33.0
138	59	90.0
138	80	7.0
138	81	519.0
138	82	321.0
138	83	2.0
138	138	7.0
138	168	5.0
138	169	33.0
138	170	172.0
138	171	88.0
138	173	12.0
138	174	63.0
138	175	23.0
138	202	73.0
138	203	11.0
138	212	34.0
139	21	21.0
139	22	84.0
139	31	28.0
139	33	31.0
139	59	101.0
139	80	26.0
139	81	531.0
139	82	384.0
139	83	122.0
139	120	13.0
139	121	14.0
139	122	5.0
139	168	33.0
139	169	94.0
139	202	40.0
139	203	26.0
139	212	142.0
139	213	71.0
139	215	67.0
139	241	19.0
139	242	14.0
140	3	8.0
140	4	17.0
140	21	77.0
140	31	72.0
140	51	7.0
140	52	13.0
140	53	19.0
140	80	33.0
140	81	656.0
140	82	427.0
140	83	93.0
140	119	29.0
140	120	26.0
140	121	12.0
140	122	27.0
140	167	133.0
140	169	3.0
140	193	17.0
140	194	99.0
140	195	47.0
140	196	3.0
140	197	56.0
140	198	12.0
140	202	17.0
140	203	59.0
140	212	111.0
140	214	33.0
140	215	59.0
141	3	30.0
141	20	53.0
141	30	66.0
141	31	37.0
141	32	12.0
141	51	63.0
141	52	76.0
141	53	28.0
141	80	57.0
141	81	769.0
141	82	492.0
141	83	2.0
141	118	31.0
141	119	19.0
141	126	7.0
141	127	17.0
141	191	46.0
141	194	20.0
141	195	83.0
141	196	96.0
141	197	15.0
141	198	75.0
141	199	57.0
141	203	101.0
141	212	10.0
142	2	43.0
142	19	50.0
142	20	5.0
142	32	47.0
142	33	77.0
142	51	6.0
142	52	33.0
142	80	103.0
142	81	886.0
142	82	556.0
142	83	4.0
142	117	31.0
142	191	82.0
142	196	31.0
142	197	201.0
142	198	114.0
142	199	32.0
142	200	66.0
142	203	92.0
142	212	26.0
142	216	29.0
142	239	4.0
143	1	172.0
143	2	29.0
143	18	132.0
143	19	27.0
143	33	44.0
143	80	82.0
143	81	896.0
143	82	510.0
143	83	2.0
143	115	15.0
143	116	28.0
143	189	11.0
143	190	12.0
143	196	19.0
143	197	29.0
143	198	25.0
143	199	115.0
143	200	99.0
143	201	55.0
143	202	26.0
143	203	76.0
143	211	9.0
143	215	16.0
143	216	39.0
143	239	59.0
143	240	146.0
143	241	15.0
144	0	40.0
144	1	43.0
144	81	76.0
144	82	21.0
144	114	36.0
144	115	37.0
144	189	62.0
144	190	34.0
144	200	34.0
144	201	109.0
144	202	36.0
144	203	167.0
144	204	64.0
144	206	23.0
144	216	16.0
144	219	5.0
144	228	16.0
144	229	23.0
144	239	69.0
144	240	32.0
144	241	15.0
144	242	18.0
145	0	8.0
145	13	15.0
145	101	21.0
145	113	51.0
145	114	24.0
145	155	55.0
145	156	7.0
145	190	28.0
145	193	27.0
145	194	56.0
145	195	20.0
145	204	66.0
145	206	52.0
145	207	30.0
145	222	25.0
145	227	10.0
145	228	16.0
145	229	11.0
145	238	9.0
145	242	7.0
146	12	11.0
146	13	52.0
146	77	25.0
146	111	11.0
146	112	117.0
146	113	13.0
146	154	5.0
146	155	74.0
146	191	13.0
146	192	23.0
146	194	7.0
146	195	14.0
146	204	40.0
146	222	21.0
146	228	29.0
146	236	10.0
146	237	19.0
147	12	41.0
147	13	13.0
147	77	73.0
147	78	88.0
147	110	24.0
147	111	90.0
147	125	49.0
147	154	65.0
147	155	32.0
147	228	17.0
147	235	33.0
147	244	9.0
148	12	44.0
148	56	32.0
148	77	22.0
148	78	191.0
148	79	121.0
148	109	70.0
148	110	19.0
148	153	79.0
148	154	123.0
148	171	29.0
148	172	14.0
148	173	27.0
148	203	30.0
148	228	6.0
148	233	30.0
148	234	90.0
148	235	18.0
149	11	56.0
149	12	31.0
149	56	39.0
149	78	48.0
149	79	204.0
149	80	56.0
149	98	19.0
149	108	85.0
149	153	139.0
149	154	91.0
149	171	16.0
149	172	151.0
149	173	134.0
149	178	16.0
149	201	8.0
149	202	29.0
149	203	32.0
149	204	24.0
149	218	7.0
149	228	20.0
149	233	28.0
150	11	56.0
150	17	56.0
150	18	35.0
150	79	47.0
150	80	198.0
150	81	22.0
150	98	47.0
150	99	84.0
150	100	64.0
150	106	12.0
150	107	32.0
150	152	32.0
150	153	168.0
150	154	7.0
150	173	38.0
150	174	64.0
150	175	35.0
150	201	37.0
150	202	86.0
150	204	66.0
150	228	39.0
151	10	12.0
151	11	45.0
151	17	75.0
151	18	137.0
151	19	34.0
151	37	22.0
151	38	30.0
151	80	60.0
151	81	196.0
151	99	15.0
151	100	17.0
151	105	40.0
151	106	13.0
151	152	76.0
151	153	59.0
151	175	28.0
151	176	63.0
151	177	26.0
151	204	53.0
151	228	17.0
151	255	69.0
152	10	45.0
152	18	33.0
152	19	87.0
152	36	52.0
152	37	52.0
152	81	97.0
152	82	194.0
152	104	73.0
152	152	50.0
152	153	40.0
152	177	32.0
152	178	100.0
152	179	34.0
152	180	114.0
152	204	37.0
152	205	95.0
152	210	8.0
152	246	9.0
152	247	52.0
152	248	52.0
152	255	24.0
153	10	58.0
153	19	60.0
153	20	21.0
153	34	20.0
153	35	89.0
153	36	47.0
153	39	35.0
153	40	15.0
153	82	153.0
153	83	164.0
153	152	31.0
153	153	14.0
153	179	90.0
153	205	60.0
153	210	20.0
153	246	31.0
153	247	94.0
153	248	110.0
153	249	48.0
154	20	91.0
154	33	32.0
154	34	109.0
154	35	53.0
154	39	99.0
154	40	15.0
154	83	171.0
154	84	87.0
154	152	16.0
154	197	14.0
154	248	20.0
154	249	135.0
154	250	37.0
155	20	46.0
155	32	68.0
155	33	82.0
155	39	132.0
155	79	30.0
155	84	212.0
155	195	12.0
155	196	7.0
155	249	46.0
155	250	210.0
155	251	17.0
156	21	63.0
156	31	117.0
156	32	60.0
156	38	29.0
156	39	121.0
156	42	11.0
156	43	17.0
156	79	12.0
156	80	34.0
156	132	23.0
156	133	16.0
156	193	30.0
156	194	11.0
156	224	28.0
156	236	10.0
156	238	5.0
156	250	66.0
156	251	182.0
157	29	32.0
157	30	124.0
157	31	20.0
157	38	73.0
157	39	48.0
157	42	31.0
157	80	6.0
157	81	31.0
157	84	16.0
157	85	6.0
157	132	97.0
157	133	75.0
157	142	19.0
157	147	11.0
157	191	21.0
157	213	10.0
157	214	42.0
157	236	6.0
157	238	58.0
157	251	78.0
157	252	128.0
158	28	57.0
158	29	174.0
158	38	117.0
158	41	30.0
158	82	47.0
158	83	19.0
158	132	75.0
158	133	66.0
158	189	23.0
158	190	26.0
158	214	26.0
158	238	74.0
158	252	122.0
158	253	108.0
159	27	82.0
159	28	53.0
159	29	7.0
159	38	168.0
159	39	54.0
159	40	12.0
159	41	11.0
159	80	58.0
159	81	35.0
159	83	34.0
159	132	35.0
159	133	54.0
159	143	9.0
159	189	32.0
159	190	15.0
159	237	39.0
159	238	100.0
159	253	181.0
159	254	63.0
160	40	31.0
160	51	60.0
160	52	67.0
160	80	129.0
160	81	18.0
160	84	30.0
160	103	13.0
160	104	12.0
160	132	29.0
160	133	70.0
160	143	13.0
160	190	44.0
160	191	98.0
160	238	46.0
160	254	159.0
161	29	47.0
161	39	20.0
161	51	6.0
161	52	13.0
161	84	12.0
161	85	93.0
161	103	16.0
161	104	91.0
161	105	31.0
161	133	63.0
161	191	16.0
161	232	29.0
161	238	52.0
161	254	89.0
162	28	66.0
162	29	11.0
162	38	16.0
162	39	14.0
162	84	65.0
162	85	28.0
162	104	6.0
162	105	112.0
162	106	65.0
162	132	5.0
162	133	140.0
162	136	13.0
162	137	44.0
162	176	12.0
162	211	31.0
162	231	38.0
162	232	22.0
162	237	47.0
162	238	77.0
162	244	11.0
162	253	9.0
162	254	185.0
162	255	19.0
163	27	69.0
163	38	35.0
163	106	120.0
163	107	82.0
163	133	125.0
163	137	51.0
163	138	60.0
163	176	51.0
163	211	6.0
163	229	13.0
163	230	44.0
163	243	15.0
163	244	13.0
163	254	183.0
163	255	18.0
164	24	17.0
164	26	55.0
164	29	27.0
164	37	33.0
164	107	73.0
164	108	22.0
164	132	9.0
164	133	24.0
164	138	12.0
164	139	36.0
164	140	22.0
164	181	111.0
164	182	59.0
164	198	39.0
164	203	17.0
164	204	19.0
164	228	43.0
164	229	20.0
164	242	29.0
164	243	13.0
164	254	170.0
164	255	30.0
165	23	41.0
165	25	78.0
165	29	21.0
165	30	14.0
165	31	32.0
165	37	11.0
165	99	19.0
165	100	26.0
165	101	19.0
165	102	7.0
165	103	5.0
165	131	12.0
165	140	46.0
165	141	47.0
165	155	41.0
165	181	128.0
165	182	282.0
165	183	47.0
165	196	48.0
165	197	30.0
165	198	80.0
165	203	67.0
165	220	23.0
165	226	15.0
165	227	44.0
165	241	34.0
165	254	174.0
165	255	47.0
166	1	53.0
166	2	8.0
166	22	90.0
166	30	17.0
166	31	150.0
166	47	26.0
166	48	50.0
166	58	6.0
166	59	15.0
166	101	13.0
166	102	27.0
166	103	45.0
166	104	69.0
166	105	35.0
166	106	28.0
166	107	48.0
166	130	20.0
166	142	74.0
166	143	22.0
166	154	80.0
166	155	119.0
166	156	94.0
166	157	10.0
166	182	177.0
166	183	322.0
166	184	9.0
166	195	26.0
166	196	47.0
166	197	9.0
166	202	122.0
166	203	33.0
166	216	8.0
166	217	14.0
166	220	21.0
166	225	47.0
166	226	17.0
166	240	24.0
166	241	65.0
166	254	143.0
166	255	53.0
167	1	86.0
167	31	21.0
167	48	109.0
167	49	24.0
167	58	14.0
167	59	120.0
167	107	23.0
167	108	39.0
167	109	57.0
167	110	129.0
167	111	33.0
167	112	7.0
167	126	12.0
167	143	47.0
167	144	71.0
167	154	30.0
167	155	32.0
167	156	57.0
167	183	126.0
167	184	347.0
167	196	40.0
167	201	36.0
167	202	71.0
167	216	7.0
167	217	45.0
167	220	20.0
167	224	22.0
167	235	48.0
167	241	70.0
167	254	154.0
167	255	87.0
168	0	33.0
168	1	55.0
168	48	66.0
168	49	52.0
168	59	63.0
168	60	28.0
168	110	18.0
168	112	24.0
168	113	39.0
168	114	57.0
168	115	86.0
168	116	55.0
168	117	8.0
168	126	83.0
168	127	28.0
168	143	54.0
168	145	16.0
168	154	22.0
168	155	25.0
168	156	6.0
168	184	186.0
168	185	282.0
168	201	118.0
168	217	73.0
168	220	10.0
168	234	11.0
168	235	87.0
168	254	116.0
168	255	123.0
169	0	85.0
169	1	15.0
169	49	102.0
169	60	80.0
169	111	21.0
169	116	7.0
169	117	30.0
169	118	71.0
169	119	62.0
169	120	44.0
169	121	38.0
169	126	75.0
169	127	93.0
169	128	6.0
169	142	25.0
169	200	76.0
169	201	21.0
169	219	17.0
169	254	49.0
169	255	202.0
170	0	102.0
170	60	23.0
170	61	61.0
170	121	5.0
170	122	45.0
170	123	71.0
170	124	37.0
170	125	51.0
170	127	129.0
170	131	13.0
170	142	23.0
170	199	36.0
170	200	66.0
170	201	23.0
170	218	16.0
171	0	38.0
171	127	125.0
171	131	132.0
171	172	22.0
171	173	44.0
171	249	36.0
171	250	99.0
172	1	169.0
172	127	15.0
172	128	104.0
172	172	88.0
172	173	24.0
172	202	41.0
172	211	110.0
172	250	19.0
173	1	13.0
173	2	20.0
173	124	10.0
173	125	7.0
173	171	110.0
173	172	136.0
173	202	69.0
173	211	77.0
173	212	26.0
173	223	30.0
173	244	39.0
173	245	38.0
174	124	68.0
174	153	5.0
174	171	132.0
174	172	4.0
174	202	90.0
174	203	21.0
174	223	28.0
174	243	38.0
174	244	21.0
174	245	14.0
175	123	13.0
175	149	8.0
175	150	8.0
175	170	89.0
175	171	101.0
175	200	8.0
175	201	4.0
175	202	79.0
175	203	32.0
175	223	137.0
175	224	26.0
175	243	30.0
176	88	33.0
176	122	4.0
176	150	40.0
176	169	16.0
176	170	69.0
176	182	22.0
176	183	25.0
176	188	3.0
176	202	38.0
176	203	54.0
176	242	30.0
176	243	24.0
177	24	19.0
177	25	96.0
177	76	15.0
177	88	47.0
177	121	8.0
177	150	9.0
177	151	16.0
177	169	103.0
177	182	42.0
177	202	19.0
177	203	83.0
177	242	9.0
178	9	9.0
178	10	34.0
178	25	46.0
178	87	8.0
178	88	32.0
178	104	12.0
178	119	103.0
178	151	208.0
178	152	76.0
178	168	53.0
178	169	37.0
178	181	19.0
178	203	108.0
179	9	31.0
179	10	51.0
179	11	90.0
179	12	18.0
179	82	47.0
179	87	35.0
179	88	7.0
179	119	51.0
179	151	56.0
179	152	174.0
179	153	40.0
179	168	147.0
179	180	41.0
179	181	90.0
179	187	66.0
179	188	179.0
179	189	27.0
179	203	89.0
179	245	17.0
180	81	55.0
180	82	98.0
180	87	55.0
180	118	28.0
180	119	8.0
180	152	22.0
180	153	153.0
180	180	56.0
180	181	27.0
180	189	38.0
180	190	50.0
180	191	19.0
180	203	96.0
180	214	8.0
180	245	46.0
180	246	43.0
181	17	43.0
181	80	1.0
181	81	197.0
181	82	35.0
181	87	47.0
181	118	46.0
181	148	5.0
181	153	140.0
181	154	122.0
181	173	22.0
181	174	18.0
181	203	96.0
181	214	74.0
181	245	60.0
181	246	64.0
182	16	1.0
182	17	47.0
182	47	14.0
182	60	34.0
182	61	40.0
182	80	98.0
182	81	145.0
182	87	72.0
182	89	12.0
182	90	8.0
182	118	20.0
182	154	94.0
182	174	16.0
182	214	100.0
182	244	29.0
182	246	87.0
183	16	71.0
183	17	39.0
183	46	210.0
183	47	12.0
183	60	109.0
183	61	159.0
183	80	165.0
183	86	48.0
183	87	9.0
183	90	39.0
183	117	23.0
183	134	39.0
183	139	16.0
183	214	81.0
183	215	31.0
183	243	29.0
183	244	9.0
183	246	96.0
184	16	61.0
184	46	23.0
184	60	53.0
184	61	272.0
184	62	2.0
184	79	181.0
184	80	62.0
184	86	63.0
184	90	11.0
184	91	20.0
184	117	97.0
184	134	77.0
184	139	92.0
184	214	14.0
184	215	63.0
184	230	71.0
184	243	32.0
184	245	29.0
184	246	132.0
185	0	2.0
185	16	77.0
185	61	306.0
185	62	46.0
185	79	161.0
185	91	7.0
185	134	74.0
185	138	40.0
185	139	115.0
185	215	116.0
185	230	34.0
185	244	26.0
185	245	42.0
185	246	34.0
186	0	39.0
186	16	32.0
186	61	221.0
186	62	106.0
186	91	18.0
186	92	25.0
186	134	77.0
186	138	72.0
186	139	9.0
186	200	51.0
186	201	22.0
186	215	125.0
186	225	10.0
186	242	8.0
186	243	89.0
186	244	133.0
186	245	26.0
187	0	63.0
187	30	6.0
187	61	100.0
187	62	272.0
187	72	13.0
187	73	57.0
187	91	113.0
187	92	97.0
187	93	78.0
187	134	59.0
187	138	105.0
187	200	65.0
187	201	44.0
187	243	7.0
187	244	34.0
187	245	24.0
187	254	18.0
188	0	18.0
188	1	27.0
188	29	36.0
188	30	16.0
188	51	21.0
188	62	367.0
188	72	72.0
188	73	164.0
188	74	12.0
188	92	30.0
188	93	14.0
188	137	55.0
188	138	32.0
188	143	37.0
188	200	26.0
188	201	59.0
188	244	33.0
188	246	23.0
188	247	32.0
188	250	29.0
188	251	36.0
188	252	24.0
189	1	109.0
189	28	38.0
189	29	31.0
189	56	37.0
189	62	336.0
189	65	31.0
189	66	41.0
189	72	156.0
189	73	177.0
189	137	159.0
189	138	15.0
189	180	53.0
189	201	103.0
189	202	7.0
189	244	44.0
189	247	11.0
189	248	24.0
189	249	35.0
190	27	29.0
190	28	49.0
190	56	83.0
190	65	27.0
190	66	178.0
190	72	230.0
190	73	96.0
190	137	76.0
190	201	111.0
190	243	29.0
190	249	50.0
191	22	82.0
191	23	112.0
191	24	35.0
191	26	11.0
191	27	42.0
191	55	6.0
191	56	68.0
191	66	236.0
191	67	56.0
191	71	7.0
191	72	286.0
191	73	17.0
191	201	109.0
191	209	38.0
191	210	27.0
191	239	55.0
191	248	49.0
191	249	90.0
192	2	26.0
192	20	27.0
192	23	14.0
192	26	67.0
192	55	16.0
192	56	24.0
192	66	57.0
192	67	242.0
192	71	77.0
192	72	226.0
192	201	73.0
192	202	39.0
192	209	38.0
192	210	57.0
192	239	123.0
193	1	57.0
193	2	160.0
193	20	34.0
193	24	5.0
193	25	66.0
193	55	59.0
193	67	317.0
193	71	215.0
193	72	145.0
193	114	76.0
193	115	35.0
193	202	20.0
194	24	64.0
194	25	25.0
194	55	100.0
194	71	544.0
194	72	78.0
194	114	22.0
194	115	61.0
194	116	12.0
194	130	20.0
195	23	84.0
195	24	31.0
195	55	72.0
195	71	343.0
195	72	343.0
195	129	24.0
195	187	14.0
196	22	43.0
196	23	68.0
196	40	10.0
196	41	12.0
196	55	46.0
196	70	55.0
196	71	224.0
196	72	435.0
196	73	31.0
196	76	29.0
196	128	31.0
196	155	6.0
196	156	23.0
196	157	38.0
196	158	15.0
196	178	17.0
196	187	115.0
196	188	67.0
196	211	70.0
196	212	123.0
196	213	120.0
196	214	84.0
196	215	67.0
196	216	37.0
196	217	20.0
196	255	12.0
197	21	16.0
197	22	68.0
197	72	336.0
197	73	111.0
197	127	29.0
197	149	18.0
197	150	6.0
197	151	60.0
197	152	54.0
197	153	47.0
197	154	42.0
197	155	18.0
197	156	6.0
197	187	16.0
197	188	8.0
197	211	26.0
197	212	51.0
197	213	79.0
197	214	82.0
197	215	131.0
197	216	154.0
197	217	222.0
197	218	220.0
197	219	257.0
197	220	211.0
197	221	202.0
197	222	198.0
197	223	50.0
198	21	66.0
198	35	9.0
198	72	65.0
198	73	54.0
198	90	15.0
198	91	129.0
198	92	9.0
198	108	24.0
198	109	9.0
198	116	13.0
198	117	56.0
198	118	27.0
198	126	33.0
198	127	5.0
198	146	25.0
198	147	41.0
198	148	95.0
198	149	67.0
198	150	44.0
198	151	120.0
198	152	46.0
198	222	21.0
198	223	84.0
199	20	62.0
199	35	30.0
199	36	78.0
199	89	28.0
199	90	46.0
199	91	94.0
199	92	35.0
199	107	28.0
199	108	26.0
199	115	37.0
199	116	72.0
199	117	32.0
199	125	26.0
199	126	43.0
199	132	20.0
199	144	11.0
199	145	47.0
199	146	35.0
200	19	54.0
200	36	119.0
200	37	60.0
200	88	51.0
200	89	113.0
200	91	56.0
200	92	86.0
200	107	76.0
200	108	72.0
200	114	73.0
200	115	61.0
200	124	10.0
200	125	20.0
200	130	13.0
200	131	16.0
200	132	18.0
200	135	14.0
200	168	12.0
200	169	47.0
200	207	9.0
201	37	125.0
201	86	24.0
201	87	51.0
201	92	106.0
201	112	77.0
201	113	78.0
201	114	18.0
201	124	19.0
201	135	25.0
201	162	26.0
201	169	48.0
201	170	18.0
201	202	27.0
201	240	8.0
202	38	160.0
202	85	59.0
202	86	37.0
202	92	101.0
202	111	75.0
202	112	86.0
202	161	21.0
202	170	56.0
202	202	103.0
202	203	46.0
202	249	15.0
203	12	44.0
203	13	22.0
203	18	97.0
203	84	48.0
203	92	49.0
203	93	100.0
203	109	44.0
203	110	72.0
203	111	5.0
203	142	36.0
203	161	20.0
203	170	37.0
203	171	57.0
203	203	92.0
203	204	27.0
203	240	19.0
203	249	14.0
204	11	32.0
204	12	86.0
204	18	50.0
204	39	19.0
204	40	85.0
204	41	84.0
204	42	21.0
204	93	104.0
204	108	115.0
204	109	57.0
204	123	14.0
204	124	19.0
204	141	48.0
204	142	15.0
204	150	14.0
204	161	39.0
204	171	88.0
204	172	7.0
204	204	110.0
204	205	37.0
204	240	65.0
204	241	35.0
204	248	39.0
204	251	9.0
204	252	112.0
205	0	27.0
205	1	43.0
205	11	86.0
205	12	19.0
205	18	20.0
205	19	31.0
205	20	39.0
205	37	28.0
205	38	114.0
205	39	167.0
205	40	112.0
205	41	34.0
205	106	57.0
205	107	73.0
205	140	11.0
205	141	64.0
205	160	57.0
205	161	52.0
205	172	56.0
205	176	22.0
205	177	74.0
205	178	15.0
205	194	32.0
205	195	36.0
205	204	51.0
205	205	212.0
205	250	24.0
205	251	63.0
206	0	40.0
206	1	64.0
206	10	57.0
206	11	19.0
206	20	39.0
206	35	55.0
206	36	205.0
206	37	208.0
206	38	73.0
206	39	8.0
206	54	16.0
206	55	22.0
206	57	9.0
206	105	106.0
206	106	36.0
206	140	49.0
206	155	22.0
206	160	25.0
206	161	21.0
206	172	42.0
206	173	35.0
206	177	55.0
206	178	89.0
206	179	13.0
206	195	24.0
206	204	40.0
206	205	58.0
206	206	142.0
206	209	10.0
206	247	16.0
206	248	16.0
206	250	15.0
206	251	105.0
207	0	36.0
207	1	31.0
207	9	29.0
207	10	64.0
207	16	12.0
207	17	8.0
207	20	15.0
207	21	15.0
207	33	83.0
207	34	222.0
207	35	176.0
207	36	163.0
207	37	40.0
207	41	16.0
207	54	31.0
207	139	13.0
207	140	71.0
207	178	46.0
207	179	125.0
207	180	13.0
207	196	45.0
207	202	7.0
207	209	17.0
207	248	19.0
207	249	80.0
207	250	138.0
208	0	69.0
208	1	66.0
208	9	78.0
208	10	19.0
208	31	163.0
208	32	233.0
208	33	131.0
208	34	10.0
208	36	160.0
208	37	36.0
208	41	4.0
208	54	20.0
208	139	76.0
208	140	38.0
208	179	34.0
208	180	109.0
208	181	16.0
208	196	72.0
208	202	10.0
208	249	28.0
208	250	12.0
209	0	147.0
209	1	70.0
209	8	68.0
209	9	8.0
209	30	256.0
209	31	94.0
209	32	21.0
209	33	11.0
209	36	170.0
209	37	22.0
209	120	7.0
209	139	50.0
209	140	95.0
209	141	23.0
209	143	31.0
209	144	14.0
209	149	28.0
209	150	8.0
209	180	12.0
209	181	115.0
209	182	26.0
209	201	16.0
210	0	140.0
210	1	116.0
210	7	34.0
210	8	43.0
210	32	79.0
210	33	173.0
210	36	142.0
210	110	5.0
210	111	56.0
210	119	38.0
210	120	65.0
210	132	16.0
210	138	70.0
210	143	47.0
210	144	54.0
210	148	13.0
210	182	118.0
210	183	52.0
210	202	67.0
210	203	29.0
210	204	113.0
211	7	75.0
211	33	228.0
211	34	112.0
211	36	157.0
211	117	11.0
211	138	68.0
211	143	4.0
211	144	53.0
211	147	18.0
211	148	7.0
211	183	142.0
211	184	65.0
212	6	91.0
212	33	25.0
212	34	328.0
212	35	6.0
212	36	223.0
212	144	73.0
212	145	19.0
212	184	123.0
212	185	84.0
213	5	108.0
213	6	15.0
213	17	9.0
213	18	24.0
213	34	93.0
213	35	266.0
213	36	164.0
213	144	66.0
213	145	172.0
213	185	72.0
213	186	117.0
214	4	23.0
214	5	35.0
214	17	119.0
214	18	74.0
214	36	198.0
214	78	22.0
214	145	121.0
214	186	116.0
214	194	17.0
214	195	25.0
215	16	124.0
215	17	193.0
215	36	67.0
215	64	14.0
215	65	9.0
215	137	9.0
215	145	98.0
215	146	23.0
215	167	4.0
215	168	41.0
215	181	18.0
215	186	65.0
215	194	70.0
215	195	28.0
215	196	24.0
215	202	26.0
215	203	30.0
215	216	22.0
215	225	8.0
215	247	12.0
216	15	16.0
216	16	204.0
216	17	36.0
216	65	27.0
216	137	25.0
216	145	36.0
216	146	82.0
216	166	20.0
216	167	28.0
216	181	40.0
216	194	35.0
216	195	25.0
216	216	16.0
216	217	14.0
216	245	7.0
216	246	22.0
217	15	188.0
217	16	84.0
217	66	36.0
217	67	7.0
217	136	16.0
217	146	120.0
217	158	73.0
217	165	61.0
217	166	21.0
217	181	54.0
217	218	17.0
217	219	4.0
217	245	25.0
218	2	14.0
218	14	74.0
218	15	203.0
218	67	46.0
218	68	26.0
218	136	40.0
218	137	59.0
218	138	6.0
218	146	91.0
218	147	26.0
218	157	57.0
218	158	53.0
218	164	40.0
218	181	62.0
218	243	13.0
218	244	27.0
219	14	257.0
219	15	19.0
219	41	50.0
219	42	36.0
219	67	18.0
219	68	190.0
219	76	57.0
219	77	23.0
219	137	69.0
219	138	25.0
219	146	32.0
219	147	99.0
219	156	71.0
219	162	10.0
219	163	21.0
219	181	57.0
219	242	12.0
219	243	25.0
220	13	238.0
220	14	66.0
220	41	41.0
220	42	83.0
220	69	37.0
220	81	20.0
220	147	73.0
220	156	13.0
220	161	10.0
220	162	31.0
220	181	56.0
220	241	11.0
220	242	30.0
221	12	47.0
221	13	280.0
221	41	34.0
221	42	10.0
221	79	9.0
221	80	130.0
221	134	9.0
221	147	94.0
221	148	20.0
221	161	62.0
221	178	134.0
221	179	80.0
221	180	34.0
221	181	56.0
221	210	22.0
221	211	51.0
221	216	14.0
221	240	10.0
221	241	36.0
222	12	31.0
222	13	16.0
222	14	11.0
222	74	21.0
222	75	15.0
222	127	31.0
222	128	13.0
222	134	156.0
222	135	7.0
222	147	17.0
222	148	54.0
222	160	40.0
222	161	21.0
222	181	75.0
222	211	5.0
222	239	44.0
222	240	36.0
223	12	6.0
223	13	84.0
223	14	30.0
223	74	70.0
223	75	13.0
223	128	72.0
223	134	59.0
223	148	75.0
223	159	37.0
223	160	21.0
223	181	47.0
223	193	87.0
223	194	164.0
223	195	104.0
223	208	13.0
223	238	18.0
223	239	46.0
224	12	64.0
224	13	75.0
224	56	42.0
224	80	16.0
224	129	60.0
224	148	15.0
224	159	26.0
224	181	54.0
224	190	1.0
224	191	38.0
224	192	232.0
224	193	467.0
224	194	357.0
224	195	123.0
224	208	20.0
224	230	34.0
224	231	26.0
224	237	18.0
224	238	25.0
224	244	24.0
225	11	8.0
225	12	110.0
225	13	15.0
225	38	5.0
225	39	42.0
225	57	57.0
225	58	39.0
225	80	10.0
225	129	18.0
225	130	68.0
225	153	10.0
225	154	21.0
225	158	71.0
225	189	4.0
225	190	175.0
225	191	495.0
225	192	552.0
225	193	336.0
225	194	79.0
225	208	52.0
225	209	14.0
225	236	25.0
225	237	37.0
226	11	128.0
226	12	63.0
226	38	69.0
226	39	95.0
226	153	37.0
226	154	115.0
226	187	3.0
226	188	133.0
226	189	446.0
226	190	610.0
226	191	466.0
226	192	135.0
226	193	8.0
226	208	78.0
226	219	10.0
226	235	63.0
226	236	29.0
227	10	32.0
227	11	160.0
227	12	7.0
227	19	38.0
227	55	26.0
227	65	9.0
227	67	35.0
227	72	7.0
227	120	40.0
227	121	18.0
227	148	43.0
227	154	62.0
227	155	7.0
227	186	77.0
227	187	581.0
227	188	828.0
227	189	719.0
227	190	253.0
227	191	22.0
227	234	31.0
227	235	84.0
228	10	100.0
228	11	26.0
228	23	10.0
228	54	34.0
228	55	184.0
228	56	25.0
228	66	15.0
228	67	34.0
228	72	29.0
228	119	26.0
228	120	85.0
228	121	137.0
228	122	52.0
228	145	10.0
228	148	35.0
228	154	11.0
228	155	57.0
228	162	9.0
228	176	19.0
228	186	590.0
228	187	1164.0
228	188	480.0
228	189	56.0
228	190	2.0
228	233	40.0
228	234	36.0
228	235	18.0
228	243	23.0
229	9	71.0
229	10	109.0
229	23	98.0
229	24	140.0
229	25	33.0
229	54	31.0
229	55	301.0
229	56	29.0
229	72	50.0
229	73	58.0
229	119	83.0
229	120	201.0
229	121	140.0
229	122	209.0
229	123	109.0
229	155	95.0
229	176	43.0
229	186	86.0
229	187	207.0
229	188	6.0
229	232	70.0
229	233	42.0
230	9	141.0
230	24	66.0
230	25	248.0
230	26	222.0
230	27	9.0
230	55	268.0
230	56	9.0
230	72	80.0
230	73	128.0
230	119	12.0
230	120	162.0
230	121	283.0
230	122	163.0
230	123	153.0
230	124	176.0
230	155	19.0
230	156	39.0
230	176	54.0
230	189	20.0
230	231	37.0
230	232	5.0
231	8	137.0
231	9	75.0
231	25	74.0
231	26	57.0
231	27	195.0
231	55	246.0
231	72	122.0
231	73	215.0
231	121	90.0
231	122	323.0
231	123	231.0
231	124	89.0
231	125	176.0
231	126	11.0
231	151	35.0
231	152	91.0
231	156	26.0
231	175	10.0
231	176	29.0
231	188	8.0
231	230	23.0
232	7	26.0
232	8	115.0
232	55	336.0
232	56	1.0
232	72	121.0
232	73	195.0
232	122	33.0
232	123	325.0
232	124	338.0
232	125	6.0
232	126	161.0
232	140	30.0
232	151	19.0
232	152	91.0
232	153	66.0
232	175	20.0
232	176	6.0
232	188	11.0
232	229	45.0
232	245	24.0
232	246	35.0
233	7	119.0
233	43	7.0
233	44	53.0
233	55	332.0
233	72	76.0
233	73	204.0
233	123	2.0
233	124	157.0
233	125	358.0
233	126	35.0
233	139	18.0
233	140	139.0
233	141	20.0
233	153	114.0
233	175	27.0
233	188	33.0
233	228	76.0
233	245	21.0
233	246	70.0
233	247	40.0
234	6	136.0
234	7	104.0
234	29	102.0
234	43	10.0
234	44	124.0
234	45	9.0
234	55	102.0
234	73	175.0
234	125	47.0
234	126	351.0
234	127	120.0
234	140	173.0
234	141	34.0
234	144	24.0
234	145	46.0
234	153	41.0
234	154	17.0
234	175	40.0
234	187	48.0
234	188	62.0
234	189	8.0
234	191	22.0
234	192	73.0
234	193	66.0
234	197	40.0
234	198	15.0
234	227	52.0
235	6	181.0
235	28	37.0
235	29	152.0
235	44	109.0
235	45	36.0
235	62	20.0
235	63	23.0
235	79	9.0
235	101	9.0
235	102	7.0
235	127	224.0
235	140	169.0
235	141	53.0
235	175	79.0
235	188	48.0
235	189	7.0
235	192	15.0
235	197	30.0
235	226	89.0
236	5	159.0
236	6	31.0
236	29	12.0
236	44	67.0
236	45	66.0
236	78	40.0
236	79	9.0
236	101	26.0
236	140	158.0
236	141	78.0
236	160	13.0
236	175	38.0
236	212	24.0
236	213	117.0
236	225	38.0
237	2	53.0
237	3	46.0
237	4	28.0
237	5	232.0
237	9	19.0
237	10	14.0
237	44	23.0
237	45	109.0
237	78	72.0
237	101	23.0
237	103	77.0
237	104	13.0
237	140	101.0
237	141	130.0
237	159	60.0
237	160	37.0
237	174	17.0
237	175	30.0
237	212	25.0
237	213	240.0
237	224	57.0
238	2	8.0
238	3	6.0
238	4	163.0
238	45	113.0
238	77	65.0
238	78	71.0
238	86	26.0
238	102	35.0
238	103	62.0
238	140	65.0
238	141	165.0
238	146	98.0
238	147	42.0
238	159	33.0
238	160	17.0
238	174	32.0
238	212	11.0
238	213	262.0
238	223	40.0
239	4	25.0
239	45	96.0
239	46	47.0
239	77	49.0
239	85	90.0
239	86	68.0
239	140	13.0
239	141	197.0
239	147	46.0
239	150	22.0
239	152	37.0
239	174	40.0
239	191	48.0
239	213	195.0
239	215	27.0
239	216	47.0
240	0	65.0
240	1	60.0
240	2	10.0
240	45	49.0
240	46	60.0
240	47	38.0
240	77	21.0
240	85	63.0
240	141	228.0
240	147	9.0
240	148	24.0
240	149	23.0
240	152	41.0
240	191	74.0
240	192	26.0
240	203	94.0
240	213	259.0
240	214	62.0
240	215	70.0
240	216	40.0
240	221	21.0
240	222	101.0
240	223	52.0
240	234	23.0
240	235	4.0
241	2	85.0
241	46	86.0
241	48	28.0
241	49	25.0
241	141	202.0
241	148	65.0
241	151	14.0
241	181	8.0
241	182	79.0
241	183	105.0
241	184	115.0
241	185	113.0
241	186	165.0
241	187	166.0
241	188	113.0
241	189	112.0
241	190	113.0
241	191	139.0
241	192	163.0
241	193	99.0
241	194	138.0
241	195	124.0
241	196	93.0
241	197	110.0
241	198	139.0
241	199	173.0
241	200	95.0
241	201	168.0
241	202	104.0
241	203	124.0
241	204	144.0
241	205	125.0
241	206	112.0
241	207	118.0
241	208	108.0
241	209	99.0
241	210	60.0
241	211	37.0
241	212	68.0
241	213	243.0
241	214	24.0
241	218	40.0
241	219	87.0
241	220	224.0
241	221	195.0
241	234	51.0
241	235	23.0
241	250	41.0
241	251	27.0
242	46	128.0
242	50	52.0
242	141	269.0
242	147	58.0
242	150	23.0
242	151	9.0
242	182	22.0
242	183	28.0
242	184	32.0
242	185	21.0
242	186	48.0
242	187	46.0
242	192	139.0
242	209	70.0
242	210	107.0
242	211	123.0
242	212	82.0
242	215	35.0
242	216	97.0
242	217	94.0
242	218	79.0
242	220	70.0
242	221	98.0
243	46	77.0
243	141	185.0
243	146	100.0
243	147	58.0
243	149	8.0
243	150	57.0
243	192	107.0
243	199	18.0
243	200	32.0
243	201	40.0
243	202	47.0
243	203	40.0
243	204	26.0
243	206	8.0
243	207	72.0
243	208	95.0
243	209	30.0
243	211	18.0
243	212	38.0
243	213	64.0
243	214	106.0
243	215	61.0
243	216	6.0
244	132	73.0
244	149	29.0
244	192	51.0
244	193	30.0
244	204	41.0
244	205	146.0
244	206	152.0
244	210	29.0
244	211	74.0
244	212	45.0
244	213	12.0
244	234	28.0
244	235	12.0
245	129	46.0
245	130	26.0
245	131	27.0
245	132	52.0
245	137	16.0
245	138	10.0
245	148	21.0
245	192	22.0
245	202	65.0
245	203	141.0
245	204	46.0
245	234	45.0
245	235	125.0
245	236	45.0
246	30	21.0
246	31	23.0
246	41	77.0
246	42	34.0
246	74	46.0
246	95	13.0
246	129	54.0
246	130	91.0
246	137	39.0
246	138	80.0
246	139	72.0
246	140	7.0
246	147	24.0
246	148	42.0
246	200	134.0
246	201	110.0
246	202	71.0
246	203	71.0
246	204	67.0
246	213	39.0
247	29	14.0
247	30	62.0
247	31	39.0
247	41	46.0
247	42	31.0
247	73	16.0
247	74	109.0
247	75	13.0
247	94	32.0
247	95	31.0
247	138	6.0
247	139	100.0
247	140	108.0
247	141	83.0
247	142	18.0
247	147	36.0
247	199	73.0
247	202	160.0
247	203	24.0
247	204	61.0
247	205	32.0
247	208	28.0
247	237	45.0
247	255	51.0
248	10	12.0
248	30	29.0
248	31	8.0
248	73	13.0
248	74	147.0
248	94	31.0
248	140	26.0
248	141	89.0
248	142	120.0
248	143	183.0
248	144	34.0
248	146	27.0
248	201	25.0
248	202	59.0
248	204	48.0
248	205	10.0
248	237	122.0
248	254	37.0
248	255	144.0
249	73	11.0
249	74	111.0
249	93	28.0
249	141	26.0
249	142	81.0
249	143	40.0
249	144	139.0
249	145	131.0
249	146	20.0
249	201	73.0
249	237	109.0
249	238	17.0
250	71	5.0
250	72	18.0
250	73	63.0
250	74	256.0
250	75	142.0
250	93	22.0
250	110	16.0
250	127	7.0
250	143	32.0
250	144	50.0
250	145	58.0
250	146	96.0
250	147	98.0
250	148	26.0
250	200	27.0
250	201	44.0
250	237	50.0
250	238	59.0
250	242	17.0
251	53	16.0
251	54	24.0
251	55	42.0
251	56	38.0
251	57	37.0
251	58	35.0
251	59	102.0
251	60	127.0
251	61	51.0
251	62	44.0
251	63	33.0
251	64	23.0
251	65	37.0
251	66	58.0
251	67	28.0
251	68	14.0
251	69	22.0
251	70	18.0
251	73	48.0
251	74	126.0
251	92	45.0
251	93	5.0
251	110	38.0
251	111	14.0
251	127	84.0
251	128	25.0
251	129	25.0
251	144	40.0
251	145	110.0
251	148	91.0
251	149	234.0
251	150	37.0
251	155	19.0
251	176	15.0
251	191	43.0
251	192	26.0
251	200	74.0
251	211	43.0
251	212	52.0
251	213	49.0
251	214	34.0
251	215	10.0
251	238	92.0
252	33	42.0
252	34	93.0
252	45	14.0
252	54	2.0
252	55	29.0
252	56	26.0
252	57	29.0
252	58	131.0
252	59	160.0
252	60	56.0
252	73	62.0
252	74	104.0
252	92	63.0
252	109	8.0
252	110	31.0
252	126	120.0
252	127	48.0
252	130	30.0
252	131	17.0
252	143	20.0
252	146	59.0
252	147	59.0
252	154	34.0
252	155	110.0
252	156	10.0
252	157	10.0
252	158	13.0
252	176	53.0
252	177	96.0
252	191	85.0
252	192	86.0
252	199	63.0
252	200	146.0
252	212	16.0
252	213	27.0
252	214	42.0
252	215	46.0
252	216	76.0
252	217	66.0
252	218	42.0
252	219	23.0
252	238	191.0
253	56	71.0
253	57	179.0
253	58	94.0
253	59	14.0
253	73	78.0
253	74	54.0
253	92	35.0
253	97	14.0
253	98	4.0
253	142	9.0
253	143	19.0
253	147	70.0
253	154	23.0
253	155	43.0
253	156	39.0
253	157	21.0
253	177	20.0
253	191	76.0
253	192	183.0
253	199	20.0
253	217	6.0
253	218	24.0
253	219	43.0
253	220	56.0
253	221	75.0
253	222	80.0
253	223	40.0
253	224	22.0
253	254	20.0
254	54	56.0
254	55	149.0
254	56	121.0
254	57	22.0
254	73	108.0
254	74	19.0
254	96	16.0
254	97	23.0
254	142	63.0
254	147	166.0
254	152	10.0
254	191	30.0
254	192	165.0
254	222	10.0
254	223	29.0
254	224	60.0
254	225	53.0
254	226	55.0
254	227	53.0
254	228	39.0
254	248	19.0
254	253	15.0
254	254	89.0
255	52	37.0
255	53	125.0
255	54	223.0
255	55	56.0
255	73	159.0
255	95	22.0
255	96	31.0
255	146	30.0
255	147	101.0
255	192	155.0
255	227	7.0
255	228	34.0
255	229	135.0
255	230	79.0
255	231	68.0
255	232	48.0
255	233	26.0
255	254	92.0
255	255	61.0
