0	13	164.0
0	14	270.0
0	34	23.0
0	35	148.0
0	50	62.0
0	51	37.0
0	54	24.0
0	55	12.0
0	57	41.0
0	93	10.0
0	94	16.0
0	98	27.0
0	99	52.0
0	100	40.0
0	116	30.0
0	154	18.0
0	155	107.0
0	156	307.0
0	157	560.0
0	158	285.0
0	162	106.0
0	169	29.0
0	172	23.0
0	173	53.0
0	177	4.0
0	178	85.0
0	179	76.0
0	192	86.0
0	194	15.0
0	206	72.0
0	207	28.0
0	224	90.0
0	225	133.0
0	226	141.0
0	246	84.0
0	247	105.0
0	248	24.0
0	251	35.0
1	13	208.0
1	14	211.0
1	35	43.0
1	36	122.0
1	50	55.0
1	51	29.0
1	55	17.0
1	56	27.0
1	57	112.0
1	115	12.0
1	116	55.0
1	149	53.0
1	150	22.0
1	162	132.0
1	168	26.0
1	169	64.0
1	179	68.0
1	180	113.0
1	191	12.0
1	192	267.0
1	193	39.0
1	194	17.0
1	206	56.0
1	226	14.0
1	227	88.0
1	228	99.0
1	229	34.0
1	248	9.0
1	250	41.0
2	13	107.0
2	14	17.0
2	16	20.0
2	17	7.0
2	46	20.0
2	57	137.0
2	58	25.0
2	65	45.0
2	87	20.0
2	88	42.0
2	116	19.0
2	149	49.0
2	150	12.0
2	162	89.0
2	180	44.0
2	181	154.0
2	189	72.0
2	190	65.0
2	191	55.0
2	192	14.0
2	249	68.0
2	250	49.0
2	251	9.0
2	252	16.0
3	5	15.0
3	6	12.0
3	15	7.0
3	16	36.0
3	46	44.0
3	57	116.0
3	58	9.0
3	65	83.0
3	87	48.0
3	88	17.0
3	162	72.0
3	181	20.0
3	182	133.0
3	187	75.0
3	188	89.0
3	189	49.0
3	209	28.0
3	210	22.0
4	5	42.0
4	6	62.0
4	7	71.0
4	8	65.0
4	9	125.0
4	10	71.0
4	11	56.0
4	12	8.0
4	14	2.0
4	15	24.0
4	46	16.0
4	47	10.0
4	57	138.0
4	58	32.0
4	65	12.0
4	72	3.0
4	73	9.0
4	85	15.0
4	86	19.0
4	123	33.0
4	155	19.0
4	156	36.0
4	162	67.0
4	183	196.0
4	184	98.0
4	185	79.0
4	186	46.0
4	205	16.0
4	206	82.0
4	207	179.0
4	208	250.0
4	209	208.0
4	210	120.0
4	214	49.0
5	11	110.0
5	12	171.0
5	13	177.0
5	47	9.0
5	48	36.0
5	57	58.0
5	84	43.0
5	85	12.0
5	96	20.0
5	114	26.0
5	115	41.0
5	147	27.0
5	156	56.0
5	158	22.0
5	162	59.0
5	178	25.0
5	179	30.0
5	183	29.0
5	184	27.0
5	202	56.0
5	203	197.0
5	204	331.0
5	205	449.0
5	206	357.0
5	207	272.0
5	208	189.0
5	209	111.0
5	210	42.0
5	213	51.0
5	214	155.0
6	10	18.0
6	11	76.0
6	61	64.0
6	62	80.0
6	83	32.0
6	123	29.0
6	124	63.0
6	156	16.0
6	157	72.0
6	158	144.0
6	159	18.0
6	162	66.0
6	163	20.0
6	173	15.0
6	180	29.0
6	181	28.0
6	196	25.0
6	197	28.0
6	198	48.0
6	199	199.0
6	200	531.0
6	201	518.0
6	202	349.0
6	203	224.0
6	204	90.0
6	205	43.0
6	206	2.0
6	213	177.0
6	214	74.0
6	235	13.0
7	10	21.0
7	11	46.0
7	62	7.0
7	63	4.0
7	69	28.0
7	81	22.0
7	82	34.0
7	122	35.0
7	123	81.0
7	124	37.0
7	157	82.0
7	158	95.0
7	159	9.0
7	160	122.0
7	161	51.0
7	162	13.0
7	163	49.0
7	173	54.0
7	174	62.0
7	181	19.0
7	182	50.0
7	183	14.0
7	195	7.0
7	196	89.0
7	198	36.0
7	212	48.0
7	213	173.0
7	234	35.0
7	235	49.0
7	243	17.0
7	244	53.0
8	65	15.0
8	66	28.0
8	69	60.0
8	70	8.0
8	117	110.0
8	118	34.0
8	119	27.0
8	120	39.0
8	121	51.0
8	122	146.0
8	123	32.0
8	124	42.0
8	125	30.0
8	158	215.0
8	159	20.0
8	160	136.0
8	174	6.0
8	183	24.0
8	184	35.0
8	199	11.0
8	212	208.0
8	213	32.0
8	217	12.0
8	234	14.0
8	235	50.0
8	243	71.0
8	244	263.0
8	245	64.0
9	44	53.0
9	66	95.0
9	117	65.0
9	119	36.0
9	120	186.0
9	121	123.0
9	122	26.0
9	124	29.0
9	158	35.0
9	159	49.0
9	160	41.0
9	161	43.0
9	185	34.0
9	186	123.0
9	199	78.0
9	200	66.0
9	211	22.0
9	212	224.0
9	217	25.0
9	243	67.0
9	244	503.0
9	245	157.0
10	63	14.0
10	66	79.0
10	96	93.0
10	117	25.0
10	118	52.0
10	119	59.0
10	120	262.0
10	121	64.0
10	122	20.0
10	159	79.0
10	187	10.0
10	199	79.0
10	200	131.0
10	208	29.0
10	211	191.0
10	216	19.0
10	243	8.0
10	244	515.0
10	245	297.0
11	0	32.0
11	1	89.0
11	2	35.0
11	3	22.0
11	4	37.0
11	5	65.0
11	6	44.0
11	7	28.0
11	8	13.0
11	9	7.0
11	10	5.0
11	11	14.0
11	12	15.0
11	62	21.0
11	63	86.0
11	96	14.0
11	118	99.0
11	119	114.0
11	120	66.0
11	121	189.0
11	122	27.0
11	123	157.0
11	124	70.0
11	160	113.0
11	172	54.0
11	173	63.0
11	199	7.0
11	200	169.0
11	215	9.0
11	216	25.0
11	218	31.0
11	219	25.0
11	244	372.0
11	245	478.0
11	246	2.0
12	5	24.0
12	6	18.0
12	7	15.0
12	8	6.0
12	9	7.0
12	10	15.0
12	11	28.0
12	12	55.0
12	13	27.0
12	14	36.0
12	15	109.0
12	16	42.0
12	17	55.0
12	18	30.0
12	19	44.0
12	20	37.0
12	21	40.0
12	22	25.0
12	23	33.0
12	24	34.0
12	25	35.0
12	26	21.0
12	27	21.0
12	28	25.0
12	29	25.0
12	30	26.0
12	31	16.0
12	32	27.0
12	33	34.0
12	34	44.0
12	35	11.0
12	36	12.0
12	37	8.0
12	38	7.0
12	117	76.0
12	118	118.0
12	119	36.0
12	120	24.0
12	121	178.0
12	122	27.0
12	123	10.0
12	124	23.0
12	125	28.0
12	138	7.0
12	160	17.0
12	173	17.0
12	200	154.0
12	215	36.0
12	218	9.0
12	228	23.0
12	244	171.0
12	245	691.0
12	246	17.0
13	0	80.0
13	1	78.0
13	2	67.0
13	3	80.0
13	4	101.0
13	5	101.0
13	6	114.0
13	7	105.0
13	8	66.0
13	9	103.0
13	10	103.0
13	11	109.0
13	12	170.0
13	13	108.0
13	14	66.0
13	15	107.0
13	16	86.0
13	17	101.0
13	18	85.0
13	19	84.0
13	20	153.0
13	21	107.0
13	22	92.0
13	23	61.0
13	24	137.0
13	25	113.0
13	26	70.0
13	27	123.0
13	28	90.0
13	29	98.0
13	30	112.0
13	31	77.0
13	32	69.0
13	33	33.0
13	34	10.0
13	35	12.0
13	36	26.0
13	37	11.0
13	38	16.0
13	39	18.0
13	77	28.0
13	116	93.0
13	117	113.0
13	118	9.0
13	119	51.0
13	120	15.0
13	121	41.0
13	122	158.0
13	125	12.0
13	126	8.0
13	138	14.0
13	139	15.0
13	140	30.0
13	200	54.0
13	214	7.0
13	215	21.0
13	244	32.0
13	245	752.0
13	246	44.0
14	11	48.0
14	115	76.0
14	116	47.0
14	118	8.0
14	119	54.0
14	120	70.0
14	122	253.0
14	123	14.0
14	140	21.0
14	158	34.0
14	214	28.0
14	244	10.0
14	245	754.0
14	246	202.0
15	81	16.0
15	95	23.0
15	100	48.0
15	114	99.0
15	115	46.0
15	122	38.0
15	123	149.0
15	214	15.0
15	223	10.0
15	245	406.0
15	246	727.0
16	10	12.0
16	81	62.0
16	82	93.0
16	83	51.0
16	91	17.0
16	94	21.0
16	95	100.0
16	99	23.0
16	100	74.0
16	113	111.0
16	114	45.0
16	123	166.0
16	145	3.0
16	151	17.0
16	160	26.0
16	161	78.0
16	162	31.0
16	213	23.0
16	218	32.0
16	219	59.0
16	246	28.0
17	9	22.0
17	10	16.0
17	82	72.0
17	83	132.0
17	91	26.0
17	92	27.0
17	95	6.0
17	99	31.0
17	100	39.0
17	112	117.0
17	113	22.0
17	159	27.0
17	160	225.0
17	161	339.0
17	162	134.0
17	206	51.0
17	207	16.0
17	212	13.0
17	213	22.0
17	218	20.0
17	219	158.0
17	220	66.0
17	223	18.0
17	224	7.0
18	9	5.0
18	44	59.0
18	45	41.0
18	83	68.0
18	84	73.0
18	92	77.0
18	93	38.0
18	99	59.0
18	100	7.0
18	111	189.0
18	125	25.0
18	159	185.0
18	160	537.0
18	161	414.0
18	162	81.0
18	206	22.0
18	212	44.0
18	218	8.0
18	219	132.0
18	220	99.0
18	221	54.0
18	222	25.0
18	223	15.0
19	9	8.0
19	44	26.0
19	45	144.0
19	46	121.0
19	84	18.0
19	93	41.0
19	94	26.0
19	99	140.0
19	100	15.0
19	110	108.0
19	158	71.0
19	159	515.0
19	160	714.0
19	161	259.0
19	162	12.0
19	206	31.0
19	211	15.0
19	212	22.0
19	221	111.0
19	222	81.0
19	244	21.0
20	46	72.0
20	47	222.0
20	48	60.0
20	94	35.0
20	95	18.0
20	99	63.0
20	158	343.0
20	159	811.0
20	160	606.0
20	161	74.0
20	185	17.0
20	206	26.0
20	211	45.0
20	220	5.0
20	221	10.0
20	222	79.0
20	223	70.0
20	236	27.0
20	237	17.0
20	243	20.0
21	37	30.0
21	38	120.0
21	48	191.0
21	49	179.0
21	91	14.0
21	95	44.0
21	96	22.0
21	158	373.0
21	159	725.0
21	160	322.0
21	175	8.0
21	176	14.0
21	210	18.0
21	211	17.0
21	219	8.0
21	220	28.0
21	223	115.0
21	224	113.0
21	236	4.0
21	237	38.0
21	238	54.0
21	239	21.0
21	241	6.0
21	243	55.0
22	34	20.0
22	36	72.0
22	37	17.0
22	38	21.0
22	89	45.0
22	90	190.0
22	91	15.0
22	96	45.0
22	97	28.0
22	131	23.0
22	145	7.0
22	157	26.0
22	158	111.0
22	159	121.0
22	160	25.0
22	176	29.0
22	210	42.0
22	219	34.0
22	224	59.0
22	238	16.0
22	239	59.0
22	240	46.0
22	241	14.0
22	242	14.0
22	243	64.0
23	97	29.0
23	98	29.0
23	146	17.0
23	147	36.0
23	148	18.0
23	157	129.0
23	158	12.0
23	176	74.0
23	209	25.0
23	210	24.0
23	218	46.0
23	240	23.0
23	241	81.0
23	242	71.0
23	252	58.0
24	42	9.0
24	148	11.0
24	149	47.0
24	156	89.0
24	157	106.0
24	158	44.0
24	176	111.0
24	177	74.0
24	191	7.0
24	192	25.0
24	209	50.0
24	217	38.0
24	242	57.0
24	243	59.0
24	244	33.0
24	245	7.0
24	252	43.0
25	18	8.0
25	109	29.0
25	110	13.0
25	148	22.0
25	149	41.0
25	150	47.0
25	155	14.0
25	156	70.0
25	157	32.0
25	158	128.0
25	159	53.0
25	185	21.0
25	186	9.0
25	190	8.0
25	191	84.0
25	208	29.0
25	209	35.0
25	216	32.0
25	220	23.0
25	221	97.0
25	237	16.0
25	242	19.0
25	244	43.0
25	245	65.0
25	246	18.0
25	251	44.0
25	252	9.0
26	18	19.0
26	149	9.0
26	150	125.0
26	155	135.0
26	159	72.0
26	160	87.0
26	185	14.0
26	208	51.0
26	219	32.0
26	220	69.0
26	221	10.0
26	241	28.0
26	246	69.0
26	247	79.0
26	251	50.0
27	19	15.0
27	64	26.0
27	69	78.0
27	154	128.0
27	155	78.0
27	160	149.0
27	161	177.0
27	207	24.0
27	208	24.0
27	218	20.0
27	241	18.0
27	247	13.0
27	248	63.0
27	249	47.0
27	251	24.0
28	19	23.0
28	42	31.0
28	48	22.0
28	64	53.0
28	69	103.0
28	70	13.0
28	154	82.0
28	161	15.0
28	162	177.0
28	207	56.0
28	217	26.0
28	226	42.0
28	249	22.0
28	250	82.0
28	251	27.0
29	20	28.0
29	64	51.0
29	69	20.0
29	70	17.0
29	136	27.0
29	163	97.0
29	178	75.0
29	179	43.0
29	206	145.0
29	207	24.0
29	220	18.0
29	226	148.0
29	227	39.0
29	251	45.0
29	252	76.0
30	20	45.0
30	21	6.0
30	64	52.0
30	70	15.0
30	89	19.0
30	136	95.0
30	137	10.0
30	159	13.0
30	160	138.0
30	178	13.0
30	179	46.0
30	206	153.0
30	207	109.0
30	218	129.0
30	219	103.0
30	220	165.0
30	222	21.0
30	223	22.0
30	226	55.0
30	227	125.0
30	253	69.0
30	254	51.0
31	19	48.0
31	20	23.0
31	21	28.0
31	63	10.0
31	64	42.0
31	70	29.0
31	136	64.0
31	137	32.0
31	160	95.0
31	205	37.0
31	217	13.0
31	218	161.0
31	220	11.0
31	221	29.0
31	222	47.0
31	223	54.0
31	227	163.0
31	228	35.0
31	254	15.0
31	255	67.0
32	19	10.0
32	20	26.0
32	21	24.0
32	61	34.0
32	62	44.0
32	63	67.0
32	64	34.0
32	71	53.0
32	136	13.0
32	137	64.0
32	158	24.0
32	159	34.0
32	205	45.0
32	218	118.0
32	219	38.0
32	225	36.0
32	227	92.0
32	228	158.0
33	20	37.0
33	21	26.0
33	22	8.0
33	62	23.0
33	63	135.0
33	64	88.0
33	65	65.0
33	66	13.0
33	72	39.0
33	73	77.0
33	74	20.0
33	109	8.0
33	110	56.0
33	137	228.0
33	159	38.0
33	204	34.0
33	218	121.0
33	228	271.0
33	229	15.0
33	235	22.0
34	8	9.0
34	11	31.0
34	14	17.0
34	21	41.0
34	63	91.0
34	64	47.0
34	65	55.0
34	66	138.0
34	67	137.0
34	68	47.0
34	73	6.0
34	74	46.0
34	77	26.0
34	78	12.0
34	109	17.0
34	110	95.0
34	113	3.0
34	137	162.0
34	138	54.0
34	158	38.0
34	159	33.0
34	180	60.0
34	181	45.0
34	203	72.0
34	204	60.0
34	205	24.0
34	206	43.0
34	217	54.0
34	228	136.0
34	229	194.0
34	235	31.0
34	236	90.0
35	14	79.0
35	15	23.0
35	19	30.0
35	22	124.0
35	63	26.0
35	67	26.0
35	68	115.0
35	69	116.0
35	70	62.0
35	77	18.0
35	78	35.0
35	79	47.0
35	80	38.0
35	81	28.0
35	110	10.0
35	120	12.0
35	121	16.0
35	137	129.0
35	138	160.0
35	139	50.0
35	157	28.0
35	158	126.0
35	164	17.0
35	166	5.0
35	167	13.0
35	168	13.0
35	169	41.0
35	170	52.0
35	171	57.0
35	172	40.0
35	173	25.0
35	174	18.0
35	175	28.0
35	180	14.0
35	181	60.0
35	182	70.0
35	183	17.0
35	202	8.0
35	203	184.0
35	205	72.0
35	206	30.0
35	217	15.0
35	229	140.0
35	235	14.0
35	236	42.0
35	246	21.0
35	247	30.0
36	13	9.0
36	14	49.0
36	22	30.0
36	23	20.0
36	29	21.0
36	70	41.0
36	71	167.0
36	72	182.0
36	73	29.0
36	81	42.0
36	82	69.0
36	83	70.0
36	84	93.0
36	90	20.0
36	120	55.0
36	121	43.0
36	128	87.0
36	129	102.0
36	130	34.0
36	131	86.0
36	132	33.0
36	133	32.0
36	134	30.0
36	135	41.0
36	136	39.0
36	137	48.0
36	138	126.0
36	139	196.0
36	140	65.0
36	141	66.0
36	142	57.0
36	143	74.0
36	144	55.0
36	145	81.0
36	146	87.0
36	147	69.0
36	148	66.0
36	149	72.0
36	150	90.0
36	151	127.0
36	152	71.0
36	153	75.0
36	154	84.0
36	155	71.0
36	156	82.0
36	157	76.0
36	158	88.0
36	159	91.0
36	160	77.0
36	161	106.0
36	162	113.0
36	163	107.0
36	164	186.0
36	165	83.0
36	166	73.0
36	167	79.0
36	168	74.0
36	169	90.0
36	170	119.0
36	171	140.0
36	172	117.0
36	173	66.0
36	174	65.0
36	175	55.0
36	182	18.0
36	183	81.0
36	184	53.0
36	198	69.0
36	203	108.0
36	204	16.0
36	205	159.0
36	207	20.0
36	217	31.0
36	235	46.0
36	236	79.0
36	243	28.0
36	244	21.0
36	245	19.0
36	248	62.0
36	249	68.0
36	250	21.0
37	13	17.0
37	14	23.0
37	61	15.0
37	62	26.0
37	73	73.0
37	74	207.0
37	75	92.0
37	84	53.0
37	85	129.0
37	86	81.0
37	87	46.0
37	88	1.0
37	89	37.0
37	90	119.0
37	97	29.0
37	98	6.0
37	99	11.0
37	100	43.0
37	101	51.0
37	102	50.0
37	103	49.0
37	104	50.0
37	105	59.0
37	106	72.0
37	107	66.0
37	108	102.0
37	109	87.0
37	110	98.0
37	111	124.0
37	112	97.0
37	113	101.0
37	114	141.0
37	115	131.0
37	116	93.0
37	117	132.0
37	118	115.0
37	119	126.0
37	120	272.0
37	121	165.0
37	122	94.0
37	123	98.0
37	124	118.0
37	125	97.0
37	126	82.0
37	127	78.0
37	128	91.0
37	129	99.0
37	130	85.0
37	131	115.0
37	132	105.0
37	133	70.0
37	134	57.0
37	135	63.0
37	136	45.0
37	137	45.0
37	138	70.0
37	139	170.0
37	140	124.0
37	141	50.0
37	142	39.0
37	143	37.0
37	144	27.0
37	145	33.0
37	146	33.0
37	147	17.0
37	148	16.0
37	149	21.0
37	150	18.0
37	151	29.0
37	152	16.0
37	153	8.0
37	154	9.0
37	164	22.0
37	171	9.0
37	184	38.0
37	185	111.0
37	186	40.0
37	198	66.0
37	202	32.0
37	203	76.0
37	204	153.0
37	205	189.0
37	217	70.0
37	242	83.0
37	245	1.0
37	246	27.0
37	247	157.0
37	248	301.0
37	249	309.0
37	250	95.0
37	254	25.0
38	22	208.0
38	23	21.0
38	51	103.0
38	55	20.0
38	56	38.0
38	57	58.0
38	58	75.0
38	59	84.0
38	60	75.0
38	61	76.0
38	62	73.0
38	63	19.0
38	67	19.0
38	68	29.0
38	69	33.0
38	70	82.0
38	71	91.0
38	72	82.0
38	73	77.0
38	74	132.0
38	75	150.0
38	76	193.0
38	77	244.0
38	78	137.0
38	79	144.0
38	80	122.0
38	81	142.0
38	82	213.0
38	83	179.0
38	84	113.0
38	85	136.0
38	86	93.0
38	87	91.0
38	88	195.0
38	89	155.0
38	90	134.0
38	91	132.0
38	92	102.0
38	93	90.0
38	94	143.0
38	95	202.0
38	96	126.0
38	97	189.0
38	98	89.0
38	99	85.0
38	100	140.0
38	101	121.0
38	102	77.0
38	103	50.0
38	104	48.0
38	105	40.0
38	106	39.0
38	107	23.0
38	108	32.0
38	109	16.0
38	110	10.0
38	111	48.0
38	115	37.0
38	116	18.0
38	120	115.0
38	121	19.0
38	132	22.0
38	139	43.0
38	140	186.0
38	141	59.0
38	142	158.0
38	186	53.0
38	187	82.0
38	188	7.0
38	194	20.0
38	201	16.0
38	202	43.0
38	203	20.0
38	204	239.0
38	217	50.0
38	242	89.0
38	243	2.0
38	244	36.0
38	245	172.0
38	246	406.0
38	247	481.0
38	248	377.0
38	249	214.0
38	250	26.0
38	254	50.0
39	22	137.0
39	23	47.0
39	40	70.0
39	41	91.0
39	42	119.0
39	43	85.0
39	44	170.0
39	45	188.0
39	46	94.0
39	47	123.0
39	48	155.0
39	49	212.0
39	50	267.0
39	51	279.0
39	52	221.0
39	53	264.0
39	54	259.0
39	55	197.0
39	56	346.0
39	57	272.0
39	58	167.0
39	59	130.0
39	60	126.0
39	61	111.0
39	62	154.0
39	63	220.0
39	64	108.0
39	65	107.0
39	66	110.0
39	67	85.0
39	68	62.0
39	69	46.0
39	70	62.0
39	71	39.0
39	72	18.0
39	97	30.0
39	98	46.0
39	99	55.0
39	100	55.0
39	101	18.0
39	116	17.0
39	117	21.0
39	120	129.0
39	131	19.0
39	135	7.0
39	138	10.0
39	139	29.0
39	140	65.0
39	141	176.0
39	187	36.0
39	188	89.0
39	189	52.0
39	190	2.0
39	201	58.0
39	204	142.0
39	213	53.0
39	214	44.0
39	215	16.0
39	241	3.0
39	242	93.0
39	243	296.0
39	244	505.0
39	245	610.0
39	246	467.0
39	247	208.0
39	248	118.0
39	250	116.0
39	251	71.0
39	252	48.0
39	254	16.0
40	1	72.0
40	2	23.0
40	42	105.0
40	43	115.0
40	44	103.0
40	45	127.0
40	46	128.0
40	47	126.0
40	48	125.0
40	49	90.0
40	50	204.0
40	51	27.0
40	52	3.0
40	57	15.0
40	58	49.0
40	61	18.0
40	63	28.0
40	101	13.0
40	117	16.0
40	120	114.0
40	131	24.0
40	134	47.0
40	135	63.0
40	141	216.0
40	142	26.0
40	154	14.0
40	155	22.0
40	169	5.0
40	170	84.0
40	171	100.0
40	172	89.0
40	173	78.0
40	174	59.0
40	175	52.0
40	176	18.0
40	189	96.0
40	190	211.0
40	191	84.0
40	200	17.0
40	201	41.0
40	204	100.0
40	213	35.0
40	214	21.0
40	216	21.0
40	222	271.0
40	223	31.0
40	240	2.0
40	241	392.0
40	242	801.0
40	243	795.0
40	244	616.0
40	245	255.0
40	246	56.0
40	248	97.0
40	252	10.0
40	253	32.0
40	254	27.0
41	1	57.0
41	2	7.0
41	35	91.0
41	36	142.0
41	37	142.0
41	38	127.0
41	39	115.0
41	40	110.0
41	41	87.0
41	42	98.0
41	43	57.0
41	44	9.0
41	49	66.0
41	50	27.0
41	58	19.0
41	84	14.0
41	117	38.0
41	120	90.0
41	134	60.0
41	135	62.0
41	142	218.0
41	155	29.0
41	156	36.0
41	157	81.0
41	158	81.0
41	170	21.0
41	171	18.0
41	172	10.0
41	173	29.0
41	174	37.0
41	175	62.0
41	176	64.0
41	177	147.0
41	178	127.0
41	179	137.0
41	180	133.0
41	181	98.0
41	182	106.0
41	183	7.0
41	190	23.0
41	191	92.0
41	192	100.0
41	200	44.0
41	204	70.0
41	205	36.0
41	216	10.0
41	222	49.0
41	223	30.0
41	240	15.0
41	241	633.0
41	242	800.0
41	243	397.0
41	244	68.0
41	245	2.0
41	248	34.0
41	254	186.0
42	1	32.0
42	13	25.0
42	34	115.0
42	35	58.0
42	36	30.0
42	45	9.0
42	85	18.0
42	117	39.0
42	120	99.0
42	134	77.0
42	135	82.0
42	159	76.0
42	185	147.0
42	186	31.0
42	192	23.0
42	193	102.0
42	194	109.0
42	199	24.0
42	200	18.0
42	205	71.0
42	228	19.0
42	238	38.0
42	239	27.0
42	240	15.0
42	241	68.0
42	242	102.0
42	243	3.0
42	244	2.0
42	253	22.0
42	254	112.0
42	255	16.0
43	1	121.0
43	2	60.0
43	13	35.0
43	14	15.0
43	36	31.0
43	37	35.0
43	85	13.0
43	110	17.0
43	111	53.0
43	120	97.0
43	134	95.0
43	135	3.0
43	159	72.0
43	194	64.0
43	195	93.0
43	196	13.0
43	199	45.0
43	205	121.0
43	228	42.0
43	238	53.0
43	239	139.0
43	240	51.0
43	252	58.0
43	255	23.0
44	37	29.0
44	38	27.0
44	62	13.0
44	63	25.0
44	85	9.0
44	110	20.0
44	111	143.0
44	112	107.0
44	125	13.0
44	134	240.0
44	195	18.0
44	196	121.0
44	197	54.0
44	198	20.0
44	199	18.0
44	205	86.0
44	228	54.0
44	229	16.0
44	240	38.0
44	241	105.0
44	242	51.0
44	253	10.0
45	27	50.0
45	28	79.0
45	38	34.0
45	39	33.0
45	62	25.0
45	63	58.0
45	64	20.0
45	84	21.0
45	85	36.0
45	96	11.0
45	111	22.0
45	112	150.0
45	113	118.0
45	140	2.0
45	141	72.0
45	197	38.0
45	198	128.0
45	205	50.0
45	229	17.0
45	242	36.0
45	243	83.0
45	244	34.0
46	22	47.0
46	23	106.0
46	27	34.0
46	28	159.0
46	29	194.0
46	30	74.0
46	39	38.0
46	40	10.0
46	83	27.0
46	86	27.0
46	96	43.0
46	113	139.0
46	114	130.0
46	141	126.0
46	197	37.0
46	198	17.0
46	199	64.0
46	200	5.0
46	228	24.0
46	229	68.0
46	244	28.0
46	245	53.0
46	248	29.0
47	20	23.0
47	21	39.0
47	22	38.0
47	29	40.0
47	30	131.0
47	31	125.0
47	32	73.0
47	33	22.0
47	40	32.0
47	81	28.0
47	82	38.0
47	86	28.0
47	96	54.0
47	114	121.0
47	115	167.0
47	141	105.0
47	142	24.0
47	167	19.0
47	197	75.0
47	229	15.0
47	248	107.0
48	20	24.0
48	31	54.0
48	32	104.0
48	33	119.0
48	34	117.0
48	35	66.0
48	86	63.0
48	87	36.0
48	95	45.0
48	115	120.0
48	116	173.0
48	141	60.0
48	142	146.0
48	167	83.0
48	168	63.0
48	176	67.0
48	177	33.0
48	178	28.0
48	196	44.0
48	229	18.0
49	17	23.0
49	19	15.0
49	33	113.0
49	34	124.0
49	35	15.0
49	54	14.0
49	71	17.0
49	74	51.0
49	75	77.0
49	95	46.0
49	116	47.0
49	117	100.0
49	142	137.0
49	167	48.0
49	168	30.0
49	172	41.0
49	173	116.0
49	174	25.0
49	178	11.0
49	179	52.0
49	180	55.0
49	181	18.0
49	196	41.0
50	4	40.0
50	5	19.0
50	17	70.0
50	18	40.0
50	19	16.0
50	35	147.0
50	36	121.0
50	54	129.0
50	55	25.0
50	71	34.0
50	95	14.0
50	142	181.0
50	144	9.0
50	181	18.0
50	182	47.0
50	183	107.0
50	184	10.0
50	195	33.0
51	4	96.0
51	5	48.0
51	36	6.0
51	37	128.0
51	38	85.0
51	54	99.0
51	55	194.0
51	95	43.0
51	96	25.0
51	142	7.0
51	184	41.0
51	185	20.0
51	186	18.0
51	195	43.0
52	4	10.0
52	38	25.0
52	55	209.0
52	95	73.0
52	96	54.0
52	110	129.0
52	112	26.0
52	113	18.0
52	114	42.0
52	158	1.0
52	159	4.0
52	160	6.0
52	161	5.0
52	162	3.0
52	194	54.0
53	55	89.0
53	56	162.0
53	95	8.0
53	96	35.0
53	100	35.0
53	110	81.0
53	111	14.0
53	158	27.0
53	159	555.0
53	160	564.0
53	161	454.0
53	162	157.0
53	163	6.0
53	186	13.0
53	193	10.0
53	194	70.0
53	198	37.0
53	228	9.0
54	27	45.0
54	30	25.0
54	31	17.0
54	32	61.0
54	33	7.0
54	99	14.0
54	100	152.0
54	101	6.0
54	143	21.0
54	144	46.0
54	158	81.0
54	159	1002.0
54	160	1501.0
54	161	1836.0
54	162	1416.0
54	163	103.0
54	164	2.0
54	193	40.0
54	197	81.0
54	198	19.0
54	214	88.0
54	228	13.0
55	26	153.0
55	28	18.0
55	29	41.0
55	31	15.0
55	32	106.0
55	33	20.0
55	76	23.0
55	143	149.0
55	144	113.0
55	158	3.0
55	159	251.0
55	160	1671.0
55	161	1211.0
55	162	2622.0
55	163	173.0
55	164	2.0
55	193	19.0
55	200	32.0
55	201	22.0
55	214	51.0
55	225	8.0
56	26	64.0
56	27	19.0
56	28	25.0
56	29	30.0
56	30	50.0
56	76	33.0
56	115	26.0
56	143	160.0
56	144	36.0
56	158	2.0
56	159	73.0
56	160	1087.0
56	161	1401.0
56	162	697.0
56	163	71.0
56	164	59.0
56	165	26.0
56	192	54.0
56	221	28.0
56	222	44.0
56	223	57.0
56	224	45.0
56	225	40.0
56	233	14.0
56	239	10.0
56	240	24.0
57	8	9.0
57	9	58.0
57	10	9.0
57	29	23.0
57	30	110.0
57	115	19.0
57	143	198.0
57	149	37.0
57	159	4.0
57	160	262.0
57	161	287.0
57	162	21.0
57	163	3.0
57	165	25.0
57	166	36.0
57	192	23.0
57	217	80.0
57	218	54.0
57	219	67.0
57	220	64.0
57	221	56.0
57	222	21.0
57	232	47.0
57	233	147.0
57	234	22.0
57	239	29.0
57	240	8.0
58	9	41.0
58	10	107.0
58	11	37.0
58	16	32.0
58	29	1.0
58	30	122.0
58	89	7.0
58	90	29.0
58	91	97.0
58	92	27.0
58	105	93.0
58	124	36.0
58	142	121.0
58	143	131.0
58	149	10.0
58	160	1.0
58	161	2.0
58	191	39.0
58	194	22.0
58	213	39.0
58	214	101.0
58	215	92.0
58	216	72.0
58	217	58.0
59	10	15.0
59	11	101.0
59	12	72.0
59	30	65.0
59	31	34.0
59	91	7.0
59	104	84.0
59	105	71.0
59	114	19.0
59	119	31.0
59	123	62.0
59	124	79.0
59	142	78.0
59	190	23.0
59	191	36.0
59	192	22.0
59	212	41.0
59	255	109.0
60	12	79.0
60	13	126.0
60	31	112.0
60	70	19.0
60	71	43.0
60	72	15.0
60	105	27.0
60	114	18.0
60	122	32.0
60	123	93.0
60	173	88.0
60	174	7.0
60	190	58.0
60	254	59.0
61	13	29.0
61	14	114.0
61	15	22.0
61	31	104.0
61	48	9.0
61	49	26.0
61	50	17.0
61	65	18.0
61	71	4.0
61	113	17.0
61	114	6.0
61	122	107.0
61	123	32.0
61	189	19.0
61	190	11.0
61	231	14.0
62	0	109.0
62	1	89.0
62	2	127.0
62	3	134.0
62	4	106.0
62	5	58.0
62	6	46.0
62	7	19.0
62	8	7.0
62	15	81.0
62	16	52.0
62	51	15.0
62	65	56.0
62	113	20.0
62	121	48.0
62	122	69.0
62	134	33.0
62	135	133.0
62	136	50.0
62	170	19.0
62	189	41.0
62	254	53.0
63	4	12.0
63	5	18.0
63	6	38.0
63	7	50.0
63	8	69.0
63	9	77.0
63	10	86.0
63	11	103.0
63	12	107.0
63	13	85.0
63	14	96.0
63	15	66.0
63	16	94.0
63	17	131.0
63	18	12.0
63	21	12.0
63	22	24.0
63	52	24.0
63	65	57.0
63	113	14.0
63	120	13.0
63	121	93.0
63	135	123.0
63	136	344.0
63	137	185.0
63	138	2.0
63	149	15.0
63	150	24.0
63	169	7.0
63	170	92.0
63	188	34.0
63	189	50.0
63	253	36.0
63	254	98.0
64	15	18.0
64	16	42.0
64	17	71.0
64	18	89.0
64	19	89.0
64	20	106.0
64	21	156.0
64	22	158.0
64	23	96.0
64	24	83.0
64	25	49.0
64	26	41.0
64	27	10.0
64	37	27.0
64	52	18.0
64	65	40.0
64	66	24.0
64	108	17.0
64	109	10.0
64	113	11.0
64	120	111.0
64	136	56.0
64	137	290.0
64	138	319.0
64	139	36.0
64	150	8.0
64	151	15.0
64	152	48.0
64	153	32.0
64	154	23.0
64	169	25.0
64	170	141.0
64	188	50.0
64	218	10.0
65	24	23.0
65	25	141.0
65	26	84.0
65	27	62.0
65	28	118.0
65	29	96.0
65	30	112.0
65	31	82.0
65	32	82.0
65	33	84.0
65	34	123.0
65	35	53.0
65	36	72.0
65	37	118.0
65	53	9.0
65	65	23.0
65	66	74.0
65	101	5.0
65	114	38.0
65	119	74.0
65	120	67.0
65	138	77.0
65	139	308.0
65	140	187.0
65	155	57.0
65	169	7.0
65	170	61.0
65	187	22.0
65	232	28.0
65	233	27.0
65	234	22.0
66	26	54.0
66	27	30.0
66	33	8.0
66	34	70.0
66	35	51.0
66	36	78.0
66	37	124.0
66	38	102.0
66	39	102.0
66	40	101.0
66	41	153.0
66	42	85.0
66	43	68.0
66	44	67.0
66	45	38.0
66	46	13.0
66	47	5.0
66	53	30.0
66	66	101.0
66	101	57.0
66	102	117.0
66	103	39.0
66	104	30.0
66	119	82.0
66	140	179.0
66	141	134.0
66	155	31.0
66	156	28.0
66	169	41.0
66	170	45.0
66	187	53.0
66	197	45.0
66	198	13.0
66	232	32.0
66	234	24.0
66	235	11.0
66	240	13.0
66	241	31.0
66	242	19.0
67	10	82.0
67	11	63.0
67	26	166.0
67	27	13.0
67	43	19.0
67	44	43.0
67	45	63.0
67	46	67.0
67	47	105.0
67	48	179.0
67	49	150.0
67	50	175.0
67	51	184.0
67	52	91.0
67	53	54.0
67	54	21.0
67	55	11.0
67	66	66.0
67	102	41.0
67	103	94.0
67	104	183.0
67	105	61.0
67	115	60.0
67	154	136.0
67	155	105.0
67	156	203.0
67	157	143.0
67	158	122.0
67	159	126.0
67	160	110.0
67	161	115.0
67	162	122.0
67	163	119.0
67	164	101.0
67	165	110.0
67	166	156.0
67	167	144.0
67	168	159.0
67	169	327.0
67	170	168.0
67	171	104.0
67	172	66.0
67	173	83.0
67	174	85.0
67	175	70.0
67	176	60.0
67	177	53.0
67	178	40.0
67	179	32.0
67	180	18.0
67	186	36.0
67	197	34.0
67	198	8.0
67	230	6.0
67	231	45.0
67	241	14.0
67	242	37.0
67	243	60.0
67	244	55.0
67	245	34.0
67	246	39.0
67	248	52.0
68	10	63.0
68	11	25.0
68	25	38.0
68	26	99.0
68	50	5.0
68	51	36.0
68	52	37.0
68	53	41.0
68	54	55.0
68	55	76.0
68	56	93.0
68	57	100.0
68	58	100.0
68	59	94.0
68	60	74.0
68	61	106.0
68	62	86.0
68	63	18.0
68	89	10.0
68	104	145.0
68	105	92.0
68	106	99.0
68	107	48.0
68	146	21.0
68	153	26.0
68	154	149.0
68	155	111.0
68	156	97.0
68	167	13.0
68	168	44.0
68	169	187.0
68	170	68.0
68	171	35.0
68	172	31.0
68	173	47.0
68	174	57.0
68	175	55.0
68	176	61.0
68	177	54.0
68	178	46.0
68	179	45.0
68	180	31.0
68	182	19.0
68	183	23.0
68	184	9.0
68	186	36.0
68	197	18.0
68	198	16.0
68	230	67.0
68	231	59.0
68	246	10.0
68	247	40.0
68	248	73.0
68	249	61.0
68	250	34.0
69	10	25.0
69	25	111.0
69	60	27.0
69	61	84.0
69	62	74.0
69	63	85.0
69	64	71.0
69	65	89.0
69	66	75.0
69	67	71.0
69	68	70.0
69	69	66.0
69	70	47.0
69	71	15.0
69	88	6.0
69	89	94.0
69	90	61.0
69	91	29.0
69	104	125.0
69	107	82.0
69	108	74.0
69	146	25.0
69	153	18.0
69	154	4.0
69	155	19.0
69	179	18.0
69	180	32.0
69	181	31.0
69	182	9.0
69	185	73.0
69	198	53.0
69	229	53.0
69	230	79.0
69	255	54.0
70	10	5.0
70	11	13.0
70	12	13.0
70	24	107.0
70	25	104.0
70	68	16.0
70	69	65.0
70	70	76.0
70	71	70.0
70	72	71.0
70	73	86.0
70	74	81.0
70	75	112.0
70	76	73.0
70	77	53.0
70	78	48.0
70	79	148.0
70	91	57.0
70	92	15.0
70	104	136.0
70	108	44.0
70	152	46.0
70	153	131.0
70	154	59.0
70	155	7.0
70	176	25.0
70	177	40.0
70	178	37.0
70	179	23.0
70	185	56.0
70	198	92.0
70	200	19.0
70	228	21.0
70	229	88.0
70	230	13.0
70	254	70.0
70	255	157.0
71	3	2.0
71	4	24.0
71	5	47.0
71	6	52.0
71	7	18.0
71	11	99.0
71	12	167.0
71	13	17.0
71	24	90.0
71	76	18.0
71	77	46.0
71	78	63.0
71	79	153.0
71	80	64.0
71	81	90.0
71	82	83.0
71	83	66.0
71	84	69.0
71	85	68.0
71	86	50.0
71	87	18.0
71	88	13.0
71	89	4.0
71	104	114.0
71	107	33.0
71	108	27.0
71	152	60.0
71	153	34.0
71	174	22.0
71	175	28.0
71	176	35.0
71	177	9.0
71	184	41.0
71	198	64.0
71	227	75.0
71	228	172.0
71	229	18.0
71	253	88.0
71	254	37.0
72	0	182.0
72	1	205.0
72	2	239.0
72	3	258.0
72	4	263.0
72	5	233.0
72	6	174.0
72	7	65.0
72	11	56.0
72	12	273.0
72	13	185.0
72	79	7.0
72	84	7.0
72	85	30.0
72	86	53.0
72	87	51.0
72	88	122.0
72	89	156.0
72	90	83.0
72	91	111.0
72	92	115.0
72	93	86.0
72	94	54.0
72	95	51.0
72	96	23.0
72	97	27.0
72	98	67.0
72	104	35.0
72	107	78.0
72	153	54.0
72	154	11.0
72	164	28.0
72	165	76.0
72	171	14.0
72	172	46.0
72	173	41.0
72	174	15.0
72	184	80.0
72	198	51.0
72	221	15.0
72	222	84.0
72	226	54.0
72	227	136.0
72	228	46.0
72	252	71.0
72	253	82.0
73	0	92.0
73	1	67.0
73	2	63.0
73	3	61.0
73	4	54.0
73	5	49.0
73	6	39.0
73	7	7.0
73	12	75.0
73	13	313.0
73	14	104.0
73	92	43.0
73	93	59.0
73	94	48.0
73	95	80.0
73	96	163.0
73	97	109.0
73	98	148.0
73	99	109.0
73	100	93.0
73	101	82.0
73	102	61.0
73	103	42.0
73	104	26.0
73	105	59.0
73	106	25.0
73	107	55.0
73	165	8.0
73	169	51.0
73	170	92.0
73	171	75.0
73	183	40.0
73	184	21.0
73	185	27.0
73	198	30.0
73	199	94.0
73	200	78.0
73	214	14.0
73	222	40.0
73	223	39.0
73	226	93.0
73	227	58.0
74	13	106.0
74	14	433.0
74	15	84.0
74	70	21.0
74	92	75.0
74	93	41.0
74	95	57.0
74	96	26.0
74	101	19.0
74	102	30.0
74	103	40.0
74	104	57.0
74	105	138.0
74	106	181.0
74	107	89.0
74	108	90.0
74	109	82.0
74	110	72.0
74	111	73.0
74	112	49.0
74	113	17.0
74	114	17.0
74	132	5.0
74	166	31.0
74	167	45.0
74	168	41.0
74	171	23.0
74	182	45.0
74	183	33.0
74	184	55.0
74	185	25.0
74	199	35.0
74	214	22.0
74	223	42.0
74	225	133.0
74	226	99.0
75	14	171.0
75	15	430.0
75	16	21.0
75	70	80.0
75	92	34.0
75	95	29.0
75	106	56.0
75	109	9.0
75	110	21.0
75	111	51.0
75	112	57.0
75	113	68.0
75	114	126.0
75	115	120.0
75	116	108.0
75	117	64.0
75	118	58.0
75	119	39.0
75	120	21.0
75	125	43.0
75	163	15.0
75	164	39.0
75	165	39.0
75	166	14.0
75	173	18.0
75	174	23.0
75	178	18.0
75	179	79.0
75	182	96.0
75	184	83.0
75	214	20.0
75	215	16.0
75	216	17.0
75	223	67.0
75	224	17.0
75	225	131.0
75	252	37.0
75	254	1.0
76	15	227.0
76	16	350.0
76	17	30.0
76	20	41.0
76	70	40.0
76	71	71.0
76	105	65.0
76	106	15.0
76	118	20.0
76	119	28.0
76	120	39.0
76	121	49.0
76	122	55.0
76	123	85.0
76	124	102.0
76	125	185.0
76	126	54.0
76	127	45.0
76	128	37.0
76	129	15.0
76	161	55.0
76	162	56.0
76	163	24.0
76	164	13.0
76	175	10.0
76	176	25.0
76	177	21.0
76	178	46.0
76	179	96.0
76	180	19.0
76	181	14.0
76	182	57.0
76	183	103.0
76	184	86.0
76	215	13.0
76	216	71.0
76	217	83.0
76	224	114.0
76	252	11.0
76	253	71.0
76	254	134.0
77	16	277.0
77	17	257.0
77	18	65.0
77	20	35.0
77	71	92.0
77	105	102.0
77	126	16.0
77	127	30.0
77	128	49.0
77	129	56.0
77	130	76.0
77	131	84.0
77	132	91.0
77	133	67.0
77	134	72.0
77	135	60.0
77	136	49.0
77	137	32.0
77	138	15.0
77	158	19.0
77	159	35.0
77	160	31.0
77	161	11.0
77	164	24.0
77	180	5.0
77	181	44.0
77	183	159.0
77	184	60.0
77	202	6.0
77	203	40.0
77	204	77.0
77	205	71.0
77	206	19.0
77	215	30.0
77	216	24.0
77	217	18.0
77	223	86.0
77	239	21.0
77	240	11.0
77	253	8.0
77	254	249.0
77	255	17.0
78	17	469.0
78	18	139.0
78	19	37.0
78	20	29.0
78	53	19.0
78	71	23.0
78	72	49.0
78	134	10.0
78	135	33.0
78	136	44.0
78	137	67.0
78	138	66.0
78	139	81.0
78	140	76.0
78	141	86.0
78	142	97.0
78	143	86.0
78	144	76.0
78	145	53.0
78	146	23.0
78	147	15.0
78	148	6.0
78	155	10.0
78	156	31.0
78	157	35.0
78	165	50.0
78	166	27.0
78	180	24.0
78	181	6.0
78	182	16.0
78	183	195.0
78	184	25.0
78	187	9.0
78	197	14.0
78	198	55.0
78	199	106.0
78	200	162.0
78	201	228.0
78	202	247.0
78	203	259.0
78	204	233.0
78	205	182.0
78	206	40.0
78	214	28.0
78	222	73.0
78	223	23.0
78	229	19.0
78	230	57.0
78	254	126.0
78	255	165.0
79	18	396.0
79	72	9.0
79	142	12.0
79	143	24.0
79	144	39.0
79	145	47.0
79	146	45.0
79	147	76.0
79	148	192.0
79	149	117.0
79	150	87.0
79	151	82.0
79	152	78.0
79	153	115.0
79	154	115.0
79	155	75.0
79	156	24.0
79	157	47.0
79	158	29.0
79	174	26.0
79	175	53.0
79	180	57.0
79	181	25.0
79	182	36.0
79	183	118.0
79	192	30.0
79	193	93.0
79	194	178.0
79	195	287.0
79	196	349.0
79	197	380.0
79	198	390.0
79	199	370.0
79	200	276.0
79	201	249.0
79	202	149.0
79	203	110.0
79	204	85.0
79	205	49.0
79	214	14.0
79	221	61.0
79	222	53.0
79	229	28.0
79	230	108.0
79	255	305.0
80	58	23.0
80	59	7.0
80	150	15.0
80	151	39.0
80	152	44.0
80	153	30.0
80	154	43.0
80	155	111.0
80	156	80.0
80	157	157.0
80	158	105.0
80	159	95.0
80	160	172.0
80	161	103.0
80	162	72.0
80	163	79.0
80	164	30.0
80	165	20.0
80	173	17.0
80	174	98.0
80	179	60.0
80	180	22.0
80	181	66.0
80	182	28.0
80	183	156.0
80	184	23.0
80	186	8.0
80	187	25.0
80	188	125.0
80	189	332.0
80	190	471.0
80	191	553.0
80	192	554.0
80	193	442.0
80	194	346.0
80	195	264.0
80	196	140.0
80	197	85.0
80	198	45.0
80	199	19.0
80	200	1.0
80	214	16.0
80	220	42.0
80	221	303.0
80	230	14.0
80	254	7.0
80	255	61.0
81	57	17.0
81	58	240.0
81	59	158.0
81	70	36.0
81	71	78.0
81	72	20.0
81	85	73.0
81	86	103.0
81	87	39.0
81	148	45.0
81	149	37.0
81	150	15.0
81	160	27.0
81	161	14.0
81	162	20.0
81	163	44.0
81	164	27.0
81	165	43.0
81	166	52.0
81	167	67.0
81	168	81.0
81	169	124.0
81	170	131.0
81	171	51.0
81	172	50.0
81	173	123.0
81	174	9.0
81	179	42.0
81	181	48.0
81	183	21.0
81	184	173.0
81	185	777.0
81	186	723.0
81	187	673.0
81	188	518.0
81	189	325.0
81	190	181.0
81	191	63.0
81	192	21.0
81	193	1.0
81	213	49.0
81	214	53.0
81	220	217.0
81	221	196.0
81	228	17.0
81	229	22.0
81	230	50.0
81	231	7.0
81	254	1.0
81	255	29.0
82	15	19.0
82	16	11.0
82	57	45.0
82	58	553.0
82	59	382.0
82	68	33.0
82	69	183.0
82	70	168.0
82	71	94.0
82	72	36.0
82	85	50.0
82	86	119.0
82	87	189.0
82	88	219.0
82	89	155.0
82	90	44.0
82	145	56.0
82	146	69.0
82	147	30.0
82	169	9.0
82	170	42.0
82	171	36.0
82	172	179.0
82	173	84.0
82	174	77.0
82	175	100.0
82	176	119.0
82	177	87.0
82	178	119.0
82	179	30.0
82	180	18.0
82	181	10.0
82	187	7.0
82	214	24.0
82	219	45.0
82	220	29.0
82	221	168.0
82	227	14.0
82	228	222.0
82	229	21.0
82	231	16.0
82	255	33.0
83	15	112.0
83	16	25.0
83	57	36.0
83	58	777.0
83	59	374.0
83	66	49.0
83	67	139.0
83	68	274.0
83	69	105.0
83	70	39.0
83	89	62.0
83	90	225.0
83	91	195.0
83	92	97.0
83	141	25.0
83	143	43.0
83	144	53.0
83	145	15.0
83	163	17.0
83	164	91.0
83	165	36.0
83	171	46.0
83	172	38.0
83	176	19.0
83	177	23.0
83	178	74.0
83	179	38.0
83	180	50.0
83	181	81.0
83	182	58.0
83	183	70.0
83	184	56.0
83	185	32.0
83	186	28.0
83	187	55.0
83	188	35.0
83	214	23.0
83	220	85.0
83	221	112.0
83	227	19.0
83	228	16.0
83	230	1.0
83	255	29.0
84	15	10.0
84	57	30.0
84	58	892.0
84	59	247.0
84	63	22.0
84	64	126.0
84	65	162.0
84	66	119.0
84	67	36.0
84	93	19.0
84	94	12.0
84	140	41.0
84	141	87.0
84	142	21.0
84	163	22.0
84	164	38.0
84	165	41.0
84	177	44.0
84	183	7.0
84	184	18.0
84	185	29.0
84	186	36.0
84	187	73.0
84	188	88.0
84	189	66.0
84	190	74.0
84	191	66.0
84	192	46.0
84	193	36.0
84	194	26.0
84	195	23.0
84	196	15.0
84	197	28.0
84	198	39.0
84	199	17.0
84	213	56.0
84	214	161.0
84	220	45.0
84	221	269.0
84	222	110.0
84	229	22.0
84	251	16.0
84	252	42.0
84	255	36.0
85	57	24.0
85	58	970.0
85	59	66.0
85	61	82.0
85	62	222.0
85	63	186.0
85	64	124.0
85	66	21.0
85	67	17.0
85	68	16.0
85	69	26.0
85	137	35.0
85	138	52.0
85	139	54.0
85	176	60.0
85	177	47.0
85	190	14.0
85	191	23.0
85	192	29.0
85	193	37.0
85	194	47.0
85	195	65.0
85	196	57.0
85	197	57.0
85	198	55.0
85	199	64.0
85	200	79.0
85	201	93.0
85	214	31.0
85	221	37.0
85	222	34.0
85	223	18.0
85	236	36.0
85	237	89.0
85	252	18.0
85	255	18.0
86	45	24.0
86	46	30.0
86	47	10.0
86	57	11.0
86	58	806.0
86	59	226.0
86	60	212.0
86	61	96.0
86	63	11.0
86	64	70.0
86	65	36.0
86	135	49.0
86	136	66.0
86	137	36.0
86	176	44.0
86	198	12.0
86	199	21.0
86	200	30.0
86	201	25.0
86	236	64.0
86	237	109.0
87	32	30.0
87	33	53.0
87	34	22.0
87	44	33.0
87	45	88.0
87	46	26.0
87	47	51.0
87	48	28.0
87	132	34.0
87	133	46.0
87	134	42.0
87	175	12.0
87	176	32.0
87	201	135.0
87	202	167.0
87	237	68.0
87	238	9.0
88	32	36.0
88	33	143.0
88	34	246.0
88	35	138.0
88	36	26.0
88	37	104.0
88	38	39.0
88	45	40.0
88	48	28.0
88	73	58.0
88	114	78.0
88	129	17.0
88	130	42.0
88	131	29.0
88	149	26.0
88	175	33.0
88	202	35.0
88	236	47.0
88	237	116.0
88	250	21.0
88	251	18.0
89	2	11.0
89	34	72.0
89	35	144.0
89	36	206.0
89	37	198.0
89	38	35.0
89	45	47.0
89	48	23.0
89	73	64.0
89	74	7.0
89	114	28.0
89	115	27.0
89	127	37.0
89	128	44.0
89	129	26.0
89	144	41.0
89	145	14.0
89	174	24.0
89	175	116.0
89	237	23.0
89	248	17.0
89	249	39.0
89	250	10.0
90	0	61.0
90	2	39.0
90	22	20.0
90	23	10.0
90	36	3.0
90	37	111.0
90	38	188.0
90	39	179.0
90	40	73.0
90	41	22.0
90	44	83.0
90	45	93.0
90	55	34.0
90	56	28.0
90	57	26.0
90	58	19.0
90	59	25.0
90	68	90.0
90	69	64.0
90	70	29.0
90	73	35.0
90	114	98.0
90	115	30.0
90	126	27.0
90	144	8.0
90	174	39.0
90	190	22.0
90	191	56.0
90	193	17.0
90	247	32.0
90	248	10.0
90	255	21.0
91	0	17.0
91	2	56.0
91	22	56.0
91	23	103.0
91	24	98.0
91	25	73.0
91	26	15.0
91	31	14.0
91	32	20.0
91	33	29.0
91	34	48.0
91	35	46.0
91	36	28.0
91	37	70.0
91	38	33.0
91	39	48.0
91	40	287.0
91	41	324.0
91	42	173.0
91	43	52.0
91	44	92.0
91	45	61.0
91	46	24.0
91	47	15.0
91	48	16.0
91	49	19.0
91	50	23.0
91	51	15.0
91	52	12.0
91	53	13.0
91	54	20.0
91	55	49.0
91	56	40.0
91	57	31.0
91	58	25.0
91	59	32.0
91	60	4.0
91	65	61.0
91	66	65.0
91	67	83.0
91	72	31.0
91	73	21.0
91	81	16.0
91	97	9.0
91	157	85.0
91	158	46.0
91	173	41.0
91	189	10.0
91	190	193.0
91	191	111.0
91	193	37.0
91	204	42.0
91	205	97.0
91	245	63.0
91	246	18.0
91	255	5.0
92	2	73.0
92	24	33.0
92	25	90.0
92	26	164.0
92	27	156.0
92	28	116.0
92	29	43.0
92	40	57.0
92	42	103.0
92	43	244.0
92	44	379.0
92	62	42.0
92	63	45.0
92	64	76.0
92	65	120.0
92	72	48.0
92	81	62.0
92	82	76.0
92	157	74.0
92	158	184.0
92	159	111.0
92	160	2.0
92	173	14.0
92	189	209.0
92	190	176.0
92	193	33.0
92	203	51.0
92	243	83.0
92	244	37.0
93	0	40.0
93	1	30.0
93	2	58.0
93	28	66.0
93	29	135.0
93	30	190.0
93	31	220.0
93	32	99.0
93	40	80.0
93	59	34.0
93	60	42.0
93	61	32.0
93	72	46.0
93	81	8.0
93	82	125.0
93	83	118.0
93	84	11.0
93	159	83.0
93	160	219.0
93	161	161.0
93	162	16.0
93	163	11.0
93	188	186.0
93	189	223.0
93	193	39.0
93	202	81.0
93	203	60.0
93	204	10.0
94	0	12.0
94	1	93.0
94	2	77.0
94	3	48.0
94	4	72.0
94	31	17.0
94	32	108.0
94	33	174.0
94	34	100.0
94	39	122.0
94	50	42.0
94	56	21.0
94	57	43.0
94	58	57.0
94	59	10.0
94	70	8.0
94	71	44.0
94	81	20.0
94	83	45.0
94	84	147.0
94	85	59.0
94	115	42.0
94	128	81.0
94	129	48.0
94	161	161.0
94	162	240.0
94	163	45.0
94	164	39.0
94	165	29.0
94	187	158.0
94	188	247.0
94	193	79.0
94	226	16.0
95	1	19.0
95	2	25.0
95	4	123.0
95	5	12.0
95	50	25.0
95	51	36.0
95	53	20.0
95	54	36.0
95	55	49.0
95	56	15.0
95	68	32.0
95	69	33.0
95	70	49.0
95	71	88.0
95	79	7.0
95	80	26.0
95	83	6.0
95	84	28.0
95	85	191.0
95	86	146.0
95	87	41.0
95	88	29.0
95	128	159.0
95	129	113.0
95	158	28.0
95	159	57.0
95	163	295.0
95	164	164.0
95	165	205.0
95	166	200.0
95	167	227.0
95	168	248.0
95	169	173.0
95	170	140.0
95	171	120.0
95	172	53.0
95	185	33.0
95	186	33.0
95	187	295.0
95	193	47.0
95	226	89.0
95	227	51.0
96	1	50.0
96	50	9.0
96	51	44.0
96	52	57.0
96	53	31.0
96	66	52.0
96	67	130.0
96	68	45.0
96	70	10.0
96	71	81.0
96	76	23.0
96	77	44.0
96	78	29.0
96	79	30.0
96	86	153.0
96	87	178.0
96	128	185.0
96	129	164.0
96	158	141.0
96	159	73.0
96	165	12.0
96	166	13.0
96	167	34.0
96	168	49.0
96	169	97.0
96	170	120.0
96	171	145.0
96	172	171.0
96	173	217.0
96	174	233.0
96	175	199.0
96	183	39.0
96	184	131.0
96	185	41.0
96	187	30.0
96	226	76.0
96	227	16.0
96	231	25.0
96	232	18.0
96	233	17.0
96	234	21.0
96	235	11.0
96	236	15.0
96	237	22.0
96	253	72.0
97	1	52.0
97	47	24.0
97	48	44.0
97	49	60.0
97	50	60.0
97	67	14.0
97	70	111.0
97	71	10.0
97	87	34.0
97	88	194.0
97	89	37.0
97	106	31.0
97	107	37.0
97	108	25.0
97	109	26.0
97	128	139.0
97	129	158.0
97	157	65.0
97	158	191.0
97	159	7.0
97	170	26.0
97	182	66.0
97	183	82.0
97	184	51.0
97	227	32.0
97	228	54.0
97	229	22.0
97	230	17.0
97	237	3.0
97	238	73.0
97	239	42.0
97	240	20.0
97	241	17.0
97	253	14.0
98	44	5.0
98	45	60.0
98	46	51.0
98	47	51.0
98	50	95.0
98	69	19.0
98	70	20.0
98	89	146.0
98	90	115.0
98	108	28.0
98	109	88.0
98	110	169.0
98	111	65.0
98	112	29.0
98	128	82.0
98	129	181.0
98	156	12.0
98	157	209.0
98	158	64.0
98	166	113.0
98	167	67.0
98	168	15.0
98	169	85.0
98	170	37.0
98	180	94.0
98	181	122.0
98	182	4.0
98	238	160.0
98	239	33.0
98	255	12.0
99	42	57.0
99	43	53.0
99	44	27.0
99	45	19.0
99	50	62.0
99	51	25.0
99	69	41.0
99	90	65.0
99	91	152.0
99	112	48.0
99	129	156.0
99	156	90.0
99	157	172.0
99	161	34.0
99	162	149.0
99	163	126.0
99	164	97.0
99	165	236.0
99	168	39.0
99	169	93.0
99	170	3.0
99	178	32.0
99	179	113.0
99	180	38.0
99	238	140.0
100	34	75.0
100	35	23.0
100	39	23.0
100	40	45.0
100	41	33.0
100	42	24.0
100	51	60.0
100	68	36.0
100	69	10.0
100	71	23.0
100	72	16.0
100	92	33.0
100	156	245.0
100	157	80.0
100	158	133.0
100	159	206.0
100	160	167.0
100	161	125.0
100	162	54.0
100	177	63.0
100	178	64.0
100	204	27.0
100	205	53.0
100	238	155.0
101	33	51.0
101	34	41.0
101	36	11.0
101	37	36.0
101	38	43.0
101	39	13.0
101	51	81.0
101	71	23.0
101	72	26.0
101	102	18.0
101	103	34.0
101	104	5.0
101	106	33.0
101	152	17.0
101	153	65.0
101	154	115.0
101	155	307.0
101	156	307.0
101	157	81.0
101	158	7.0
101	204	16.0
101	205	75.0
101	219	65.0
101	220	78.0
101	238	208.0
102	33	34.0
102	34	37.0
102	35	29.0
102	36	19.0
102	42	33.0
102	51	75.0
102	72	25.0
102	73	16.0
102	102	47.0
102	103	94.0
102	104	76.0
102	105	73.0
102	106	72.0
102	107	37.0
102	108	27.0
102	109	13.0
102	148	31.0
102	149	92.0
102	150	128.0
102	151	139.0
102	152	147.0
102	153	57.0
102	155	240.0
102	165	7.0
102	205	101.0
102	217	86.0
102	218	105.0
102	219	31.0
102	238	137.0
102	255	29.0
103	31	21.0
103	32	33.0
103	33	49.0
103	34	15.0
103	42	91.0
103	43	36.0
103	72	19.0
103	73	79.0
103	104	8.0
103	105	28.0
103	106	58.0
103	107	44.0
103	108	79.0
103	109	79.0
103	110	57.0
103	111	51.0
103	112	46.0
103	113	32.0
103	114	14.0
103	125	25.0
103	126	75.0
103	127	36.0
103	144	25.0
103	145	97.0
103	146	155.0
103	147	187.0
103	148	136.0
103	149	59.0
103	150	10.0
103	154	191.0
103	155	122.0
103	161	172.0
103	162	202.0
103	163	181.0
103	164	189.0
103	165	118.0
103	166	43.0
103	172	42.0
103	173	83.0
103	191	69.0
103	192	76.0
103	205	70.0
103	209	26.0
103	214	27.0
103	215	57.0
103	216	74.0
103	224	14.0
104	30	8.0
104	41	40.0
104	60	6.0
104	72	24.0
104	73	90.0
104	110	3.0
104	111	25.0
104	112	48.0
104	113	70.0
104	114	84.0
104	115	100.0
104	116	120.0
104	117	61.0
104	118	33.0
104	119	29.0
104	124	60.0
104	125	91.0
104	126	45.0
104	129	16.0
104	139	10.0
104	140	45.0
104	141	72.0
104	142	115.0
104	143	131.0
104	144	87.0
104	145	62.0
104	146	12.0
104	154	310.0
104	172	213.0
104	173	114.0
104	191	35.0
104	192	33.0
104	205	72.0
104	209	25.0
104	210	53.0
104	211	17.0
104	212	79.0
104	213	83.0
104	214	43.0
105	40	12.0
105	41	76.0
105	59	51.0
105	60	56.0
105	115	9.0
105	116	49.0
105	117	38.0
105	118	66.0
105	119	107.0
105	120	105.0
105	121	71.0
105	122	70.0
105	123	115.0
105	124	48.0
105	135	24.0
105	136	75.0
105	137	123.0
105	138	128.0
105	139	118.0
105	140	109.0
105	141	44.0
105	153	89.0
105	154	48.0
105	171	181.0
105	172	247.0
105	205	89.0
105	209	15.0
105	210	131.0
105	211	78.0
105	212	28.0
106	57	11.0
106	58	33.0
106	120	79.0
106	121	113.0
106	122	54.0
106	123	52.0
106	124	77.0
106	125	87.0
106	126	101.0
106	127	83.0
106	128	37.0
106	130	23.0
106	131	43.0
106	132	64.0
106	133	87.0
106	134	102.0
106	135	99.0
106	136	112.0
106	137	80.0
106	138	11.0
106	170	72.0
106	171	279.0
106	172	22.0
106	207	77.0
106	208	100.0
106	209	47.0
106	210	55.0
107	40	14.0
107	57	88.0
107	58	41.0
107	59	26.0
107	118	12.0
107	119	100.0
107	120	128.0
107	125	52.0
107	126	81.0
107	127	62.0
107	128	84.0
107	129	119.0
107	130	161.0
107	131	194.0
107	132	139.0
107	133	74.0
107	134	31.0
107	155	81.0
107	156	44.0
107	170	316.0
107	171	36.0
107	204	10.0
107	205	134.0
107	206	145.0
107	207	45.0
107	210	102.0
107	218	45.0
108	39	10.0
108	40	13.0
108	57	65.0
108	58	39.0
108	59	19.0
108	117	107.0
108	118	91.0
108	129	8.0
108	130	24.0
108	131	37.0
108	132	43.0
108	133	55.0
108	134	143.0
108	135	124.0
108	136	59.0
108	137	51.0
108	138	28.0
108	145	20.0
108	155	19.0
108	156	121.0
108	157	38.0
108	169	305.0
108	170	55.0
108	202	49.0
108	203	130.0
108	204	56.0
108	205	7.0
108	217	43.0
109	35	17.0
109	39	29.0
109	51	35.0
109	52	53.0
109	131	23.0
109	137	34.0
109	138	58.0
109	139	63.0
109	140	163.0
109	141	107.0
109	142	105.0
109	143	41.0
109	144	65.0
109	145	66.0
109	157	107.0
109	158	66.0
109	196	9.0
109	199	2.0
109	200	66.0
109	201	72.0
109	202	32.0
109	217	95.0
109	218	8.0
109	244	49.0
109	245	83.0
110	35	50.0
110	36	33.0
110	39	42.0
110	108	43.0
110	109	30.0
110	140	3.0
110	141	94.0
110	142	45.0
110	143	77.0
110	144	112.0
110	145	102.0
110	146	90.0
110	147	48.0
110	148	22.0
110	158	92.0
110	159	76.0
110	164	34.0
110	180	17.0
110	196	21.0
110	197	27.0
110	198	57.0
110	199	55.0
110	200	49.0
110	244	51.0
111	35	22.0
111	36	63.0
111	108	108.0
111	109	62.0
111	140	32.0
111	141	103.0
111	148	28.0
111	149	51.0
111	150	81.0
111	151	133.0
111	152	81.0
111	153	46.0
111	154	6.0
111	159	60.0
111	160	102.0
111	163	79.0
111	164	24.0
111	194	12.0
111	195	177.0
111	196	119.0
111	197	38.0
111	199	91.0
112	36	99.0
112	37	94.0
112	38	8.0
112	40	35.0
112	41	67.0
112	53	28.0
112	108	124.0
112	109	49.0
112	119	12.0
112	140	129.0
112	141	66.0
112	153	28.0
112	154	68.0
112	155	94.0
112	156	98.0
112	157	112.0
112	158	55.0
112	160	116.0
112	161	71.0
112	186	15.0
112	192	19.0
112	193	91.0
112	194	89.0
112	195	42.0
112	199	4.0
112	214	113.0
112	215	24.0
113	36	103.0
113	37	35.0
113	108	197.0
113	109	57.0
113	140	121.0
113	158	29.0
113	159	59.0
113	160	76.0
113	161	79.0
113	162	80.0
113	163	51.0
113	190	46.0
113	191	65.0
113	192	47.0
113	193	14.0
113	201	75.0
113	202	33.0
113	214	50.0
114	36	30.0
114	37	89.0
114	104	8.0
114	105	39.0
114	108	170.0
114	109	18.0
114	163	19.0
114	164	70.0
114	165	86.0
114	166	146.0
114	167	68.0
114	168	62.0
114	169	4.0
114	183	102.0
114	187	18.0
114	188	80.0
114	189	82.0
114	190	45.0
114	200	102.0
114	201	588.0
114	202	227.0
114	213	55.0
114	214	60.0
115	37	124.0
115	104	27.0
115	105	46.0
115	108	162.0
115	117	21.0
115	136	41.0
115	137	10.0
115	168	20.0
115	169	69.0
115	170	73.0
115	171	104.0
115	172	72.0
115	173	85.0
115	182	30.0
115	183	52.0
115	184	5.0
115	185	26.0
115	186	52.0
115	187	61.0
115	188	30.0
115	199	1.0
115	200	366.0
115	201	963.0
115	202	167.0
115	213	18.0
115	214	18.0
115	221	16.0
115	240	13.0
116	37	114.0
116	59	44.0
116	60	52.0
116	104	34.0
116	105	23.0
116	108	96.0
116	117	48.0
116	134	10.0
116	135	16.0
116	136	21.0
116	143	20.0
116	156	25.0
116	157	10.0
116	173	14.0
116	174	75.0
116	175	70.0
116	176	112.0
116	177	111.0
116	178	84.0
116	179	15.0
116	183	46.0
116	184	47.0
116	185	34.0
116	186	15.0
116	199	12.0
116	200	777.0
116	201	604.0
116	202	11.0
116	239	27.0
116	240	99.0
116	241	10.0
117	37	26.0
117	38	62.0
117	49	58.0
117	59	18.0
117	60	12.0
117	104	14.0
117	105	8.0
117	117	72.0
117	135	49.0
117	156	26.0
117	157	8.0
117	179	58.0
117	180	81.0
117	181	103.0
117	182	109.0
117	183	80.0
117	193	31.0
117	194	92.0
117	195	28.0
117	199	24.0
117	200	960.0
117	201	60.0
117	239	9.0
117	240	19.0
118	38	16.0
118	49	76.0
118	50	13.0
118	71	22.0
118	117	60.0
118	135	42.0
118	156	8.0
118	157	19.0
118	167	7.0
118	168	17.0
118	182	20.0
118	184	27.0
118	194	22.0
118	195	126.0
118	196	142.0
118	200	15.0
119	49	83.0
119	50	31.0
119	51	31.0
119	67	22.0
119	68	24.0
119	71	20.0
119	72	6.0
119	88	7.0
119	89	24.0
119	108	28.0
119	109	55.0
119	117	58.0
119	136	41.0
119	157	44.0
119	196	96.0
119	197	200.0
119	198	50.0
119	200	50.0
120	10	7.0
120	11	9.0
120	12	14.0
120	13	9.0
120	66	10.0
120	67	53.0
120	71	3.0
120	72	61.0
120	108	12.0
120	109	7.0
120	117	92.0
120	136	41.0
120	157	49.0
120	198	131.0
120	199	6.0
120	238	13.0
120	239	29.0
120	250	8.0
120	251	54.0
120	252	12.0
121	8	16.0
121	64	48.0
121	65	59.0
121	66	71.0
121	67	17.0
121	72	38.0
121	117	23.0
121	124	88.0
121	125	42.0
121	136	41.0
121	157	44.0
121	202	9.0
121	238	25.0
121	239	69.0
121	250	55.0
121	251	30.0
122	7	12.0
122	43	52.0
122	44	70.0
122	64	26.0
122	65	256.0
122	66	279.0
122	67	65.0
122	71	40.0
122	72	10.0
122	123	35.0
122	124	172.0
122	125	26.0
122	137	52.0
122	157	36.0
122	227	22.0
122	240	21.0
122	249	83.0
122	250	25.0
123	6	12.0
123	43	155.0
123	44	99.0
123	64	41.0
123	65	105.0
123	66	35.0
123	67	111.0
123	68	162.0
123	69	46.0
123	71	39.0
123	123	108.0
123	124	21.0
123	248	73.0
123	249	38.0
124	6	23.0
124	42	33.0
124	43	204.0
124	44	34.0
124	63	56.0
124	64	136.0
124	69	127.0
124	70	108.0
124	122	67.0
124	123	74.0
124	199	115.0
124	200	54.0
124	201	38.0
124	224	62.0
124	247	75.0
124	248	50.0
125	6	14.0
125	42	114.0
125	43	162.0
125	63	146.0
125	64	60.0
125	122	172.0
125	193	22.0
125	201	8.0
125	224	28.0
125	225	15.0
125	246	86.0
125	247	60.0
126	0	36.0
126	7	10.0
126	42	209.0
126	43	34.0
126	48	25.0
126	49	50.0
126	62	49.0
126	63	58.0
126	101	34.0
126	121	96.0
126	130	14.0
126	170	35.0
126	193	42.0
126	194	58.0
126	195	15.0
126	225	44.0
126	245	69.0
126	246	54.0
126	248	5.0
127	9	34.0
127	10	66.0
127	11	30.0
127	41	61.0
127	42	208.0
127	47	22.0
127	48	91.0
127	49	45.0
127	61	8.0
127	62	61.0
127	101	187.0
127	102	61.0
127	135	15.0
127	198	11.0
127	199	41.0
127	244	50.0
127	245	39.0
127	249	11.0
127	250	13.0
128	0	10.0
128	10	38.0
128	11	101.0
128	12	78.0
128	13	34.0
128	41	195.0
128	42	111.0
128	46	18.0
128	47	146.0
128	48	57.0
128	61	81.0
128	101	92.0
128	102	175.0
128	130	43.0
128	131	22.0
128	172	49.0
128	198	25.0
128	199	143.0
128	243	51.0
128	244	51.0
129	12	22.0
129	13	96.0
129	14	107.0
129	15	42.0
129	32	15.0
129	33	4.0
129	41	272.0
129	45	23.0
129	46	130.0
129	47	50.0
129	58	36.0
129	60	58.0
129	61	16.0
129	102	313.0
129	130	24.0
129	131	40.0
129	199	206.0
129	242	58.0
129	243	57.0
130	14	11.0
130	15	95.0
130	16	81.0
130	17	24.0
130	40	72.0
130	41	229.0
130	44	19.0
130	45	183.0
130	46	57.0
130	58	70.0
130	59	200.0
130	60	131.0
130	102	136.0
130	141	21.0
130	142	28.0
130	198	37.0
130	199	223.0
130	231	12.0
130	232	15.0
130	241	58.0
130	242	97.0
131	17	50.0
131	18	86.0
131	19	39.0
131	40	252.0
131	41	20.0
131	44	182.0
131	45	71.0
131	59	114.0
131	82	21.0
131	83	32.0
131	140	52.0
131	141	52.0
131	142	10.0
131	197	4.0
131	198	19.0
131	199	76.0
131	220	25.0
131	231	14.0
131	232	70.0
131	233	3.0
131	240	26.0
131	241	62.0
132	19	153.0
132	20	185.0
132	21	79.0
132	40	209.0
132	43	121.0
132	44	53.0
132	58	85.0
132	82	172.0
132	83	75.0
132	118	21.0
132	119	26.0
132	138	21.0
132	139	77.0
132	140	45.0
132	197	72.0
132	198	60.0
132	200	29.0
132	232	18.0
132	233	56.0
132	239	28.0
132	240	56.0
133	21	52.0
133	22	73.0
133	23	52.0
133	39	86.0
133	40	143.0
133	42	155.0
133	43	42.0
133	57	26.0
133	58	13.0
133	81	139.0
133	82	204.0
133	118	88.0
133	119	19.0
133	137	58.0
133	138	81.0
133	139	7.0
133	167	61.0
133	168	124.0
133	169	115.0
133	170	110.0
133	171	64.0
133	172	31.0
133	191	18.0
133	197	17.0
133	198	115.0
133	199	29.0
133	233	13.0
133	234	40.0
133	239	14.0
134	41	173.0
134	42	50.0
134	80	27.0
134	81	276.0
134	82	23.0
134	135	18.0
134	136	105.0
134	137	49.0
134	167	17.0
134	168	43.0
134	169	75.0
134	170	115.0
134	171	159.0
134	172	175.0
134	173	219.0
134	174	199.0
134	175	191.0
134	176	218.0
134	177	66.0
134	198	166.0
134	234	30.0
134	235	55.0
134	236	21.0
135	37	9.0
135	40	156.0
135	41	48.0
135	80	276.0
135	81	59.0
135	94	34.0
135	134	62.0
135	135	78.0
135	136	32.0
135	176	48.0
135	177	194.0
135	178	107.0
135	197	29.0
135	198	33.0
135	199	92.0
135	235	34.0
135	236	69.0
135	253	27.0
136	37	98.0
136	38	58.0
136	39	173.0
136	40	28.0
136	55	43.0
136	56	56.0
136	79	120.0
136	80	195.0
136	132	12.0
136	133	98.0
136	134	37.0
136	149	14.0
136	196	26.0
136	197	7.0
136	199	24.0
136	236	70.0
136	237	58.0
137	23	52.0
137	24	90.0
137	37	99.0
137	38	251.0
137	39	26.0
137	55	224.0
137	56	217.0
137	131	52.0
137	132	95.0
137	148	37.0
137	149	54.0
137	195	25.0
137	196	23.0
137	237	60.0
137	238	16.0
138	23	82.0
138	24	297.0
138	25	183.0
138	37	144.0
138	38	75.0
138	55	353.0
138	56	226.0
138	117	33.0
138	118	10.0
138	130	122.0
138	131	65.0
138	148	13.0
138	149	36.0
138	194	22.0
138	195	30.0
138	238	65.0
138	239	4.0
139	1	27.0
139	24	93.0
139	25	337.0
139	26	190.0
139	37	163.0
139	38	122.0
139	55	389.0
139	56	130.0
139	117	19.0
139	118	41.0
139	128	44.0
139	129	111.0
139	130	6.0
139	193	28.0
139	194	57.0
139	239	74.0
140	1	14.0
140	25	29.0
140	26	301.0
140	27	235.0
140	37	79.0
140	38	91.0
140	55	483.0
140	56	12.0
140	119	52.0
140	120	11.0
140	127	132.0
140	128	67.0
140	193	41.0
141	27	277.0
141	28	327.0
141	37	34.0
141	38	105.0
141	55	260.0
141	120	30.0
141	121	11.0
141	125	29.0
141	126	91.0
141	127	7.0
141	191	6.0
141	192	41.0
141	242	19.0
142	2	10.0
142	28	321.0
142	38	78.0
142	121	18.0
142	122	26.0
142	124	12.0
142	125	70.0
142	191	104.0
142	224	5.0
143	1	14.0
143	2	64.0
143	28	42.0
143	31	13.0
143	122	16.0
143	123	110.0
143	125	85.0
143	126	13.0
143	181	23.0
143	182	28.0
143	190	40.0
143	224	81.0
144	28	22.0
144	80	37.0
144	81	7.0
144	124	45.0
144	125	141.0
144	126	25.0
144	148	22.0
144	181	52.0
144	182	25.0
144	189	6.0
144	224	109.0
145	27	31.0
145	80	18.0
145	125	48.0
145	126	27.0
145	134	18.0
145	147	30.0
145	148	64.0
145	180	17.0
145	181	34.0
145	224	62.0
146	27	44.0
146	105	21.0
146	106	13.0
146	126	37.0
146	127	152.0
146	148	24.0
146	180	29.0
146	188	12.0
146	213	30.0
146	224	55.0
146	241	32.0
147	105	21.0
147	106	105.0
147	127	36.0
147	128	46.0
147	180	46.0
147	188	76.0
147	189	34.0
147	223	50.0
147	224	115.0
147	235	39.0
147	241	57.0
147	242	6.0
148	64	18.0
148	65	18.0
148	94	25.0
148	106	63.0
148	107	57.0
148	129	18.0
148	130	54.0
148	131	21.0
148	147	20.0
148	158	12.0
148	179	25.0
148	180	98.0
148	223	15.0
148	224	26.0
148	229	8.0
148	241	52.0
148	242	15.0
148	245	28.0
149	65	30.0
149	66	29.0
149	94	21.0
149	95	92.0
149	107	145.0
149	129	71.0
149	130	92.0
149	158	36.0
149	179	30.0
149	229	99.0
149	242	33.0
149	245	27.0
150	66	28.0
150	67	56.0
150	95	59.0
150	96	12.0
150	107	34.0
150	108	72.0
150	129	99.0
150	130	7.0
150	135	45.0
150	136	12.0
150	179	52.0
150	192	8.0
150	193	24.0
150	194	64.0
150	195	124.0
150	196	152.0
150	197	184.0
150	198	234.0
150	199	151.0
150	200	177.0
150	201	3.0
150	229	192.0
150	230	14.0
150	242	70.0
150	243	46.0
151	68	50.0
151	108	72.0
151	128	30.0
151	129	36.0
151	135	26.0
151	136	73.0
151	180	49.0
151	181	49.0
151	185	13.0
151	186	30.0
151	187	47.0
151	188	83.0
151	189	98.0
151	190	151.0
151	191	200.0
151	192	234.0
151	193	260.0
151	194	177.0
151	195	89.0
151	196	12.0
151	219	28.0
151	227	88.0
151	228	93.0
151	229	164.0
151	230	29.0
152	1	41.0
152	2	70.0
152	3	25.0
152	69	21.0
152	128	127.0
152	136	5.0
152	137	49.0
152	179	99.0
152	180	95.0
152	181	75.0
152	182	113.0
152	183	160.0
152	184	205.0
152	185	238.0
152	186	204.0
152	187	145.0
152	188	99.0
152	189	53.0
152	190	18.0
152	197	66.0
152	198	13.0
152	219	35.0
152	228	7.0
152	229	58.0
152	230	80.0
153	92	74.0
153	93	119.0
153	94	24.0
153	127	40.0
153	138	56.0
153	177	20.0
153	178	145.0
153	179	153.0
153	180	133.0
153	181	109.0
153	182	88.0
153	183	63.0
153	184	36.0
153	185	13.0
153	197	29.0
153	198	111.0
153	230	194.0
154	90	36.0
154	91	223.0
154	92	287.0
154	93	146.0
154	94	13.0
154	120	17.0
154	121	68.0
154	139	58.0
154	176	47.0
154	177	90.0
154	178	42.0
154	179	52.0
154	180	16.0
154	198	27.0
154	230	32.0
154	239	14.0
154	240	65.0
154	241	102.0
155	71	42.0
155	75	27.0
155	76	21.0
155	88	2.0
155	89	219.0
155	90	388.0
155	91	202.0
155	92	52.0
155	120	122.0
155	121	43.0
155	140	54.0
155	155	48.0
155	156	38.0
155	162	21.0
155	163	37.0
155	164	49.0
155	165	60.0
155	166	81.0
155	167	96.0
155	168	115.0
155	169	104.0
155	170	55.0
155	171	72.0
155	172	68.0
155	173	43.0
155	175	69.0
155	176	144.0
155	177	15.0
155	180	17.0
155	181	29.0
155	182	31.0
155	183	29.0
155	198	9.0
155	239	34.0
156	57	22.0
156	58	47.0
156	71	225.0
156	72	90.0
156	74	65.0
156	75	96.0
156	76	32.0
156	87	127.0
156	88	436.0
156	89	302.0
156	90	42.0
156	106	14.0
156	119	96.0
156	120	99.0
156	124	9.0
156	150	14.0
156	151	40.0
156	152	49.0
156	153	67.0
156	154	92.0
156	155	123.0
156	156	192.0
156	157	144.0
156	158	125.0
156	159	187.0
156	160	113.0
156	161	90.0
156	162	88.0
156	163	92.0
156	164	72.0
156	165	29.0
156	166	14.0
156	174	91.0
156	175	65.0
156	182	26.0
156	183	40.0
156	184	40.0
156	185	70.0
156	186	46.0
156	239	23.0
157	57	40.0
157	58	60.0
157	71	223.0
157	72	242.0
157	73	70.0
157	74	61.0
157	86	356.0
157	87	511.0
157	88	70.0
157	118	17.0
157	119	123.0
157	124	18.0
157	150	29.0
157	151	53.0
157	152	45.0
157	153	43.0
157	154	39.0
157	155	31.0
157	156	23.0
157	157	7.0
157	173	183.0
157	174	41.0
157	181	5.0
157	186	12.0
157	187	32.0
157	188	38.0
157	189	64.0
157	236	8.0
157	239	13.0
158	57	61.0
158	58	53.0
158	71	128.0
158	72	455.0
158	73	17.0
158	118	223.0
158	124	154.0
158	125	23.0
158	126	19.0
158	127	17.0
158	171	40.0
158	172	146.0
158	178	21.0
158	179	12.0
158	180	21.0
158	190	38.0
158	236	15.0
158	238	10.0
158	255	15.0
159	57	75.0
159	58	40.0
159	70	91.0
159	71	76.0
159	72	482.0
159	117	37.0
159	118	37.0
159	125	90.0
159	126	116.0
159	170	55.0
159	171	95.0
159	178	74.0
159	179	11.0
159	236	7.0
159	237	16.0
159	254	21.0
160	57	101.0
160	58	25.0
160	65	16.0
160	68	38.0
160	69	111.0
160	70	23.0
160	72	77.0
160	83	44.0
160	84	41.0
160	124	15.0
160	126	17.0
160	169	66.0
160	170	115.0
160	171	15.0
161	57	144.0
161	62	97.0
161	63	112.0
161	64	70.0
161	65	52.0
161	66	11.0
161	67	104.0
161	68	39.0
161	83	75.0
161	84	32.0
161	85	43.0
161	101	13.0
161	168	119.0
161	169	38.0
161	172	8.0
161	173	12.0
161	206	61.0
161	207	43.0
162	57	149.0
162	59	26.0
162	60	68.0
162	61	106.0
162	62	124.0
162	63	86.0
162	64	21.0
162	151	16.0
162	152	30.0
162	153	16.0
162	166	6.0
162	167	107.0
162	168	19.0
162	205	26.0
162	206	80.0
162	207	158.0
162	208	15.0
163	56	8.0
163	57	167.0
163	58	135.0
163	59	154.0
163	60	47.0
163	61	17.0
163	86	34.0
163	87	19.0
163	88	22.0
163	90	11.0
163	130	201.0
163	154	20.0
163	165	24.0
163	166	174.0
163	205	59.0
163	206	59.0
163	207	62.0
163	208	124.0
163	236	15.0
163	237	9.0
163	255	7.0
164	54	53.0
164	55	84.0
164	56	93.0
164	57	206.0
164	58	4.0
164	87	47.0
164	88	58.0
164	155	13.0
164	164	49.0
164	165	74.0
164	176	22.0
164	177	31.0
164	208	140.0
164	209	197.0
164	236	104.0
164	237	21.0
165	51	46.0
165	52	80.0
165	53	89.0
165	54	33.0
165	57	27.0
165	155	12.0
165	163	95.0
165	164	56.0
165	172	52.0
165	177	41.0
165	178	138.0
165	179	225.0
165	208	14.0
165	209	217.0
165	210	47.0
165	235	30.0
165	236	100.0
166	42	17.0
166	48	50.0
166	49	78.0
166	50	99.0
166	51	15.0
166	179	65.0
166	180	78.0
166	181	20.0
166	210	236.0
166	211	6.0
166	235	111.0
166	236	17.0
167	45	55.0
167	46	71.0
167	47	84.0
167	48	12.0
167	125	38.0
167	126	46.0
167	166	9.0
167	181	12.0
167	187	79.0
167	210	10.0
167	211	87.0
167	234	20.0
167	235	102.0
167	242	22.0
167	243	7.0
168	111	11.0
168	112	87.0
168	113	47.0
168	124	42.0
168	125	59.0
168	126	9.0
168	165	74.0
168	166	84.0
168	187	96.0
168	188	27.0
168	192	25.0
168	193	45.0
168	211	18.0
168	230	70.0
168	231	15.0
168	234	107.0
168	235	30.0
168	241	17.0
169	18	23.0
169	112	41.0
169	113	14.0
169	122	14.0
169	123	56.0
169	124	33.0
169	164	107.0
169	165	180.0
169	166	34.0
169	185	7.0
169	189	38.0
169	190	76.0
169	191	50.0
169	192	19.0
169	193	17.0
169	208	34.0
169	209	41.0
169	210	90.0
169	211	22.0
169	230	34.0
169	233	7.0
169	234	119.0
169	240	11.0
169	241	24.0
170	45	20.0
170	46	17.0
170	57	25.0
170	58	41.0
170	59	53.0
170	121	22.0
170	122	65.0
170	123	34.0
170	163	93.0
170	164	203.0
170	165	36.0
170	186	13.0
170	187	51.0
170	188	61.0
170	189	25.0
170	199	81.0
170	200	76.0
170	209	8.0
170	210	69.0
170	211	152.0
170	212	13.0
170	255	24.0
171	34	28.0
171	45	29.0
171	46	36.0
171	59	13.0
171	61	24.0
171	62	27.0
171	63	48.0
171	64	35.0
171	65	35.0
171	66	38.0
171	67	8.0
171	75	18.0
171	83	9.0
171	84	76.0
171	120	54.0
171	121	58.0
171	122	12.0
171	162	102.0
171	163	210.0
171	164	18.0
171	185	16.0
171	186	33.0
171	198	14.0
171	199	19.0
171	200	74.0
171	201	125.0
171	202	19.0
171	210	46.0
171	211	18.0
171	255	86.0
172	33	14.0
172	34	18.0
172	41	7.0
172	58	19.0
172	67	17.0
172	68	26.0
172	69	24.0
172	70	40.0
172	71	16.0
172	74	42.0
172	75	20.0
172	119	65.0
172	120	92.0
172	161	129.0
172	162	273.0
172	163	8.0
172	198	112.0
172	199	225.0
172	202	111.0
172	203	80.0
172	254	30.0
173	33	57.0
173	45	21.0
173	57	7.0
173	58	44.0
173	75	31.0
173	117	21.0
173	118	98.0
173	119	49.0
173	160	153.0
173	161	305.0
173	162	2.0
173	198	25.0
173	199	188.0
173	200	169.0
173	235	58.0
173	236	72.0
173	237	79.0
174	21	18.0
174	22	22.0
174	32	64.0
174	44	31.0
174	45	22.0
174	75	50.0
174	76	12.0
174	116	30.0
174	117	88.0
174	118	37.0
174	159	77.0
174	160	240.0
174	200	183.0
174	201	277.0
174	207	21.0
174	235	33.0
174	236	125.0
174	237	26.0
174	244	8.0
175	20	28.0
175	21	96.0
175	22	50.0
175	31	17.0
175	32	29.0
175	43	45.0
175	44	36.0
175	76	11.0
175	77	100.0
175	78	57.0
175	115	39.0
175	116	65.0
175	118	30.0
175	159	177.0
175	201	173.0
175	202	237.0
175	235	39.0
175	236	11.0
176	20	127.0
176	21	79.0
176	42	35.0
176	43	28.0
176	60	15.0
176	61	44.0
176	62	108.0
176	96	25.0
176	114	64.0
176	115	41.0
176	118	21.0
176	202	122.0
176	203	363.0
176	234	26.0
176	235	25.0
176	241	44.0
176	242	40.0
176	251	32.0
177	19	100.0
177	20	86.0
177	26	18.0
177	41	60.0
177	42	22.0
177	96	49.0
177	112	27.0
177	113	62.0
177	114	27.0
177	118	15.0
177	149	17.0
177	203	58.0
177	204	42.0
177	241	48.0
177	242	53.0
177	251	119.0
178	18	105.0
178	19	74.0
178	26	39.0
178	29	19.0
178	30	45.0
178	31	29.0
178	38	12.0
178	40	47.0
178	41	39.0
178	95	14.0
178	96	12.0
178	111	46.0
178	112	128.0
178	113	7.0
178	119	16.0
178	155	38.0
178	165	10.0
178	166	145.0
178	167	45.0
178	241	39.0
178	242	104.0
178	251	131.0
178	252	17.0
179	17	99.0
179	18	92.0
179	27	42.0
179	29	47.0
179	30	154.0
179	31	209.0
179	32	157.0
179	33	103.0
179	34	62.0
179	35	40.0
179	36	31.0
179	37	18.0
179	38	42.0
179	39	142.0
179	40	46.0
179	41	14.0
179	42	3.0
179	43	4.0
179	44	5.0
179	45	22.0
179	46	18.0
179	47	5.0
179	54	25.0
179	55	52.0
179	95	54.0
179	110	53.0
179	111	69.0
179	117	20.0
179	118	16.0
179	165	14.0
179	166	55.0
179	167	29.0
179	188	11.0
179	189	29.0
179	241	18.0
179	242	134.0
179	251	157.0
179	252	60.0
180	16	85.0
180	17	84.0
180	27	31.0
180	28	42.0
180	30	37.0
180	31	59.0
180	32	94.0
180	33	143.0
180	34	253.0
180	35	246.0
180	36	206.0
180	37	167.0
180	38	250.0
180	39	198.0
180	40	179.0
180	41	173.0
180	42	161.0
180	43	177.0
180	44	187.0
180	45	246.0
180	46	267.0
180	47	219.0
180	48	176.0
180	49	166.0
180	50	169.0
180	51	147.0
180	52	139.0
180	53	130.0
180	54	147.0
180	55	146.0
180	56	123.0
180	57	138.0
180	58	112.0
180	59	89.0
180	60	69.0
180	61	79.0
180	62	63.0
180	63	54.0
180	64	48.0
180	65	34.0
180	66	22.0
180	67	17.0
180	68	10.0
180	95	35.0
180	108	4.0
180	109	85.0
180	110	26.0
180	231	31.0
180	232	11.0
180	242	206.0
180	251	71.0
180	252	93.0
181	15	128.0
181	16	79.0
181	28	63.0
181	37	6.0
181	38	60.0
181	43	1.0
181	44	16.0
181	45	30.0
181	46	42.0
181	47	23.0
181	48	23.0
181	49	34.0
181	50	35.0
181	51	32.0
181	52	39.0
181	53	48.0
181	54	70.0
181	55	96.0
181	56	104.0
181	57	123.0
181	58	133.0
181	59	124.0
181	60	133.0
181	61	171.0
181	62	180.0
181	63	171.0
181	64	176.0
181	65	177.0
181	66	179.0
181	67	176.0
181	68	184.0
181	69	172.0
181	70	158.0
181	71	143.0
181	72	138.0
181	73	185.0
181	74	141.0
181	75	118.0
181	76	127.0
181	77	123.0
181	78	92.0
181	79	82.0
181	80	117.0
181	81	71.0
181	82	73.0
181	83	111.0
181	84	86.0
181	85	74.0
181	86	62.0
181	87	51.0
181	88	47.0
181	89	43.0
181	90	48.0
181	91	40.0
181	92	21.0
181	93	8.0
181	94	27.0
181	107	24.0
181	108	72.0
181	109	12.0
181	129	8.0
181	130	6.0
181	131	15.0
181	132	82.0
181	133	50.0
181	231	23.0
181	232	5.0
181	242	177.0
181	252	191.0
182	14	101.0
182	15	95.0
182	26	18.0
182	29	36.0
182	31	22.0
182	32	58.0
182	38	20.0
182	39	8.0
182	68	5.0
182	69	16.0
182	70	18.0
182	71	16.0
182	72	26.0
182	73	36.0
182	74	33.0
182	75	36.0
182	76	37.0
182	77	45.0
182	78	35.0
182	79	47.0
182	80	69.0
182	81	52.0
182	82	68.0
182	83	111.0
182	84	108.0
182	85	101.0
182	86	96.0
182	87	111.0
182	88	125.0
182	89	164.0
182	90	178.0
182	91	255.0
182	92	215.0
182	93	198.0
182	94	159.0
182	95	154.0
182	96	157.0
182	97	158.0
182	98	139.0
182	99	118.0
182	100	137.0
182	101	125.0
182	102	153.0
182	103	114.0
182	104	108.0
182	105	97.0
182	106	143.0
182	107	118.0
182	108	51.0
182	109	44.0
182	110	44.0
182	111	51.0
182	112	25.0
182	113	20.0
182	114	26.0
182	115	4.0
182	125	70.0
182	126	40.0
182	133	33.0
182	134	8.0
182	135	12.0
182	178	70.0
182	179	175.0
182	180	131.0
182	181	11.0
182	242	200.0
183	13	87.0
183	14	77.0
183	26	36.0
183	31	26.0
183	32	31.0
183	38	27.0
183	91	41.0
183	92	18.0
183	93	187.0
183	94	97.0
183	99	8.0
183	100	18.0
183	101	26.0
183	102	53.0
183	103	52.0
183	104	61.0
183	105	161.0
183	106	198.0
183	107	72.0
183	108	80.0
183	109	98.0
183	110	116.0
183	111	138.0
183	112	136.0
183	113	136.0
183	114	197.0
183	115	148.0
183	116	170.0
183	117	158.0
183	118	223.0
183	119	186.0
183	120	195.0
183	121	144.0
183	122	122.0
183	123	131.0
183	124	172.0
183	125	163.0
183	126	119.0
183	127	89.0
183	128	97.0
183	129	105.0
183	130	93.0
183	131	60.0
183	132	59.0
183	133	51.0
183	134	40.0
183	135	14.0
183	136	17.0
183	137	34.0
183	138	17.0
183	178	16.0
183	179	133.0
183	180	312.0
183	181	257.0
183	182	106.0
183	220	56.0
183	221	77.0
183	242	205.0
184	12	105.0
184	13	70.0
184	26	46.0
184	37	10.0
184	91	11.0
184	93	89.0
184	94	209.0
184	102	18.0
184	103	13.0
184	104	96.0
184	105	20.0
184	118	15.0
184	120	15.0
184	121	12.0
184	122	7.0
184	123	17.0
184	124	68.0
184	125	45.0
184	126	67.0
184	127	43.0
184	128	61.0
184	129	95.0
184	130	96.0
184	131	85.0
184	132	118.0
184	133	151.0
184	134	154.0
184	135	115.0
184	136	157.0
184	137	200.0
184	138	146.0
184	139	167.0
184	140	135.0
184	141	201.0
184	142	183.0
184	143	186.0
184	144	111.0
184	145	124.0
184	146	96.0
184	147	80.0
184	148	93.0
184	149	77.0
184	150	41.0
184	151	41.0
184	152	46.0
184	153	36.0
184	154	35.0
184	155	10.0
184	180	20.0
184	181	133.0
184	182	274.0
184	183	249.0
184	184	54.0
184	220	21.0
184	221	22.0
184	243	12.0
184	248	28.0
185	11	63.0
185	12	77.0
185	25	7.0
185	26	32.0
185	82	4.0
185	94	319.0
185	95	24.0
185	101	14.0
185	102	71.0
185	103	87.0
185	141	50.0
185	143	11.0
185	144	19.0
185	145	40.0
185	146	47.0
185	147	51.0
185	148	90.0
185	149	104.0
185	150	72.0
185	151	93.0
185	152	119.0
185	153	144.0
185	154	174.0
185	155	122.0
185	156	119.0
185	157	126.0
185	158	158.0
185	159	160.0
185	160	141.0
185	161	135.0
185	162	133.0
185	163	138.0
185	164	246.0
185	165	85.0
185	166	93.0
185	167	101.0
185	168	78.0
185	169	54.0
185	170	52.0
185	171	43.0
185	172	43.0
185	173	40.0
185	174	60.0
185	175	38.0
185	176	21.0
185	177	11.0
185	178	11.0
185	179	13.0
185	180	19.0
185	181	14.0
185	183	82.0
185	184	230.0
185	185	258.0
185	186	52.0
185	213	22.0
185	214	13.0
185	221	10.0
185	242	16.0
185	243	60.0
186	11	68.0
186	25	33.0
186	26	17.0
186	94	78.0
186	95	212.0
186	101	104.0
186	102	113.0
186	103	108.0
186	104	15.0
186	162	13.0
186	163	16.0
186	164	19.0
186	165	20.0
186	166	34.0
186	167	47.0
186	168	46.0
186	169	41.0
186	170	57.0
186	171	60.0
186	172	77.0
186	173	96.0
186	174	139.0
186	175	133.0
186	176	96.0
186	177	84.0
186	178	86.0
186	179	119.0
186	180	147.0
186	181	139.0
186	182	118.0
186	183	128.0
186	184	122.0
186	185	186.0
186	186	431.0
186	187	441.0
186	188	126.0
186	189	103.0
186	190	120.0
186	191	129.0
186	192	130.0
186	193	85.0
186	194	105.0
186	195	78.0
186	196	87.0
186	197	63.0
186	198	59.0
186	199	54.0
186	200	66.0
186	201	75.0
186	202	50.0
186	203	46.0
186	204	30.0
186	205	24.0
186	206	53.0
186	207	32.0
186	208	20.0
186	209	14.0
186	213	8.0
186	242	42.0
186	243	36.0
187	10	30.0
187	25	54.0
187	99	9.0
187	100	96.0
187	101	28.0
187	102	11.0
187	136	34.0
187	149	15.0
187	150	11.0
187	186	8.0
187	187	42.0
187	188	376.0
187	189	189.0
187	190	15.0
187	191	26.0
187	192	33.0
187	193	25.0
187	194	41.0
187	195	33.0
187	196	51.0
187	197	40.0
187	198	47.0
187	199	58.0
187	200	80.0
187	201	105.0
187	202	89.0
187	203	85.0
187	204	59.0
187	205	71.0
187	206	158.0
187	207	108.0
187	208	99.0
187	209	103.0
187	210	80.0
187	211	89.0
187	212	91.0
187	213	87.0
187	214	83.0
187	215	83.0
187	216	74.0
187	217	67.0
187	218	58.0
187	219	62.0
187	220	68.0
187	221	63.0
187	222	45.0
187	223	48.0
187	224	52.0
187	225	69.0
187	226	56.0
187	227	47.0
187	228	32.0
187	229	25.0
187	230	17.0
187	231	14.0
187	232	10.0
187	233	13.0
187	234	10.0
187	242	63.0
188	25	46.0
188	73	27.0
188	92	18.0
188	98	32.0
188	99	128.0
188	211	16.0
188	212	14.0
188	213	15.0
188	214	27.0
188	215	22.0
188	216	25.0
188	217	27.0
188	218	29.0
188	219	47.0
188	220	58.0
188	221	56.0
188	222	54.0
188	223	62.0
188	224	76.0
188	225	91.0
188	226	92.0
188	227	94.0
188	228	92.0
188	229	83.0
188	230	75.0
188	231	77.0
188	232	81.0
188	233	91.0
188	234	93.0
188	235	82.0
188	236	76.0
188	237	71.0
188	238	80.0
188	239	75.0
188	240	40.0
188	242	88.0
189	25	45.0
189	40	127.0
189	72	7.0
189	73	14.0
189	97	70.0
189	98	58.0
189	233	7.0
189	234	10.0
189	235	6.0
189	236	8.0
189	237	11.0
189	238	19.0
189	239	21.0
189	241	50.0
189	242	46.0
190	23	69.0
190	25	51.0
190	40	24.0
190	41	47.0
190	42	30.0
190	43	39.0
190	57	1.0
190	58	18.0
190	72	23.0
190	96	92.0
190	97	65.0
190	216	13.0
190	241	108.0
191	23	45.0
191	24	63.0
191	25	36.0
191	94	18.0
191	95	103.0
191	96	10.0
191	195	53.0
191	241	37.0
192	24	41.0
192	89	41.0
192	93	40.0
192	94	153.0
192	195	71.0
192	196	16.0
192	198	13.0
192	252	10.0
192	253	19.0
193	89	44.0
193	92	80.0
193	93	46.0
193	195	35.0
193	200	13.0
193	230	29.0
193	231	70.0
193	253	42.0
194	91	152.0
194	92	35.0
194	145	11.0
194	164	96.0
194	167	21.0
194	224	78.0
194	225	11.0
194	226	13.0
194	229	34.0
194	230	146.0
194	231	40.0
194	253	32.0
195	14	13.0
195	59	15.0
195	89	37.0
195	90	121.0
195	145	13.0
195	163	10.0
195	164	110.0
195	165	14.0
195	166	17.0
195	224	42.0
195	225	97.0
195	226	53.0
195	228	63.0
195	229	117.0
195	230	3.0
195	253	38.0
196	3	17.0
196	13	16.0
196	14	54.0
196	48	23.0
196	88	47.0
196	89	69.0
196	163	30.0
196	164	10.0
196	165	14.0
196	183	8.0
196	213	36.0
196	224	112.0
196	225	68.0
196	227	117.0
196	228	112.0
196	253	8.0
196	254	15.0
197	14	95.0
197	39	11.0
197	47	64.0
197	48	59.0
197	87	83.0
197	88	40.0
197	96	16.0
197	163	33.0
197	164	35.0
197	183	52.0
197	223	108.0
197	224	86.0
197	226	168.0
197	227	62.0
197	237	20.0
197	238	39.0
197	239	65.0
197	240	23.0
197	249	20.0
197	254	60.0
198	14	82.0
198	15	14.0
198	38	15.0
198	39	109.0
198	40	34.0
198	47	43.0
198	85	10.0
198	86	115.0
198	87	8.0
198	165	18.0
198	166	30.0
198	167	9.0
198	183	56.0
198	184	5.0
198	222	155.0
198	223	53.0
198	233	10.0
198	234	50.0
198	237	28.0
198	238	69.0
198	239	11.0
198	240	86.0
198	248	18.0
198	249	96.0
198	254	52.0
199	14	39.0
199	15	46.0
199	24	8.0
199	38	83.0
199	39	111.0
199	47	22.0
199	84	43.0
199	85	124.0
199	87	15.0
199	184	47.0
199	221	114.0
199	222	71.0
199	234	102.0
199	235	85.0
199	236	20.0
199	237	22.0
199	240	41.0
199	241	5.0
199	248	39.0
200	15	87.0
200	38	93.0
200	39	28.0
200	73	30.0
200	74	50.0
200	83	85.0
200	84	54.0
200	87	37.0
200	184	77.0
200	185	68.0
200	220	235.0
200	221	142.0
200	222	103.0
200	228	18.0
200	234	75.0
200	235	190.0
200	236	47.0
200	241	58.0
200	247	42.0
201	15	161.0
201	38	86.0
201	74	18.0
201	82	108.0
201	83	44.0
201	87	56.0
201	163	12.0
201	222	77.0
201	234	35.0
201	235	114.0
201	241	55.0
201	247	11.0
202	15	97.0
202	37	31.0
202	38	62.0
202	80	36.0
202	81	100.0
202	125	89.0
202	126	60.0
202	201	48.0
202	202	39.0
202	235	151.0
203	15	49.0
203	16	74.0
203	37	133.0
203	78	94.0
203	79	126.0
203	80	65.0
203	125	24.0
203	201	11.0
203	202	61.0
203	203	15.0
203	205	12.0
203	206	27.0
203	208	24.0
203	235	177.0
203	236	103.0
204	16	23.0
204	37	45.0
204	78	107.0
204	79	49.0
204	203	24.0
204	204	22.0
204	235	71.0
204	236	170.0
205	77	47.0
205	235	35.0
205	236	163.0
206	235	15.0
206	236	154.0
207	6	61.0
207	82	29.0
207	217	42.0
207	236	16.0
207	237	86.0
207	254	10.0
208	82	107.0
208	83	62.0
208	205	14.0
208	216	15.0
208	217	15.0
208	219	13.0
208	238	50.0
208	239	14.0
208	253	4.0
208	254	149.0
208	255	54.0
209	82	22.0
209	83	190.0
209	84	31.0
209	181	45.0
209	205	7.0
209	206	13.0
209	215	22.0
209	216	9.0
209	217	9.0
209	221	20.0
209	222	19.0
209	238	42.0
209	239	11.0
209	254	163.0
209	255	232.0
210	83	39.0
210	84	231.0
210	190	41.0
210	205	21.0
210	214	22.0
210	223	10.0
210	224	10.0
210	225	30.0
210	226	5.0
210	254	18.0
210	255	313.0
211	84	124.0
211	85	227.0
211	181	7.0
211	182	150.0
211	190	47.0
211	205	10.0
211	213	51.0
211	218	12.0
211	255	85.0
212	85	164.0
212	86	232.0
212	172	41.0
212	173	85.0
212	174	38.0
212	181	107.0
212	182	18.0
212	189	32.0
212	190	26.0
212	205	24.0
213	48	37.0
213	58	9.0
213	170	52.0
213	171	98.0
213	172	58.0
213	173	20.0
213	189	44.0
213	195	6.0
214	43	86.0
214	44	22.0
214	48	39.0
214	58	25.0
214	167	21.0
214	168	42.0
214	169	55.0
214	170	9.0
214	189	77.0
214	233	15.0
215	43	166.0
215	44	62.0
215	48	15.0
215	49	14.0
215	167	33.0
215	189	71.0
215	233	9.0
216	43	166.0
216	44	71.0
216	49	40.0
216	55	28.0
216	85	3.0
216	107	32.0
216	112	22.0
216	141	11.0
216	188	10.0
216	189	50.0
217	43	146.0
217	44	112.0
217	49	37.0
217	94	23.0
217	95	52.0
217	96	51.0
217	97	88.0
217	98	107.0
217	99	81.0
217	100	164.0
217	101	75.0
217	102	68.0
217	103	75.0
217	104	118.0
217	105	73.0
217	106	43.0
217	107	5.0
217	141	25.0
217	163	13.0
217	188	86.0
217	249	16.0
218	43	101.0
218	44	163.0
218	50	33.0
218	94	43.0
218	95	53.0
218	96	83.0
218	97	94.0
218	98	18.0
218	142	88.0
218	188	32.0
218	212	84.0
218	249	8.0
219	43	10.0
219	44	236.0
219	50	43.0
219	96	44.0
219	97	25.0
219	129	20.0
219	130	88.0
219	131	11.0
219	142	103.0
219	143	15.0
219	149	16.0
219	184	41.0
219	185	76.0
219	248	36.0
219	249	33.0
220	44	120.0
220	50	26.0
220	51	9.0
220	94	21.0
220	129	132.0
220	130	140.0
220	184	96.0
220	249	26.0
220	250	26.0
221	51	29.0
221	95	4.0
221	128	44.0
221	129	254.0
221	130	48.0
221	133	40.0
221	134	7.0
221	159	24.0
221	160	24.0
222	128	223.0
222	129	189.0
222	133	23.0
222	134	13.0
222	160	62.0
222	184	69.0
222	185	24.0
223	80	17.0
223	127	58.0
223	128	313.0
223	129	21.0
223	160	12.0
223	161	45.0
223	184	98.0
223	185	15.0
223	229	13.0
224	80	11.0
224	127	220.0
224	128	125.0
224	129	16.0
224	130	17.0
224	161	35.0
224	162	44.0
224	184	21.0
224	216	14.0
224	217	10.0
224	222	45.0
224	223	11.0
224	230	33.0
224	252	3.0
224	253	83.0
225	15	8.0
225	117	56.0
225	126	56.0
225	127	286.0
225	129	27.0
225	130	17.0
225	162	60.0
225	163	15.0
225	185	13.0
225	186	3.0
225	207	88.0
225	208	94.0
225	216	22.0
225	217	18.0
225	230	17.0
225	252	25.0
225	253	42.0
225	254	36.0
225	255	25.0
226	14	24.0
226	15	129.0
226	16	5.0
226	31	9.0
226	108	17.0
226	117	92.0
226	126	284.0
226	127	73.0
226	163	96.0
226	182	20.0
226	183	76.0
226	208	39.0
226	209	2.0
226	252	103.0
226	253	115.0
227	14	24.0
227	15	240.0
227	16	24.0
227	35	18.0
227	36	24.0
227	78	21.0
227	80	29.0
227	81	172.0
227	108	15.0
227	117	93.0
227	125	68.0
227	126	297.0
227	162	17.0
227	164	90.0
227	183	38.0
227	184	10.0
227	208	27.0
227	230	58.0
228	15	198.0
228	16	16.0
228	35	61.0
228	36	73.0
228	72	14.0
228	78	51.0
228	79	88.0
228	80	10.0
228	116	35.0
228	117	62.0
228	125	309.0
228	126	19.0
228	160	10.0
228	161	40.0
228	162	3.0
228	164	87.0
228	207	15.0
228	230	53.0
229	15	183.0
229	16	19.0
229	35	19.0
229	116	46.0
229	124	82.0
229	125	289.0
229	159	29.0
229	160	40.0
229	165	49.0
229	192	24.0
229	193	31.0
229	205	17.0
229	206	10.0
230	15	209.0
230	16	50.0
230	93	14.0
230	158	53.0
230	159	44.0
230	193	20.0
230	197	92.0
230	198	53.0
230	222	7.0
231	15	186.0
231	16	53.0
231	157	58.0
231	158	17.0
231	193	25.0
231	197	21.0
231	198	14.0
232	15	174.0
232	16	96.0
232	69	55.0
232	70	8.0
232	81	16.0
232	82	23.0
232	83	17.0
232	155	13.0
232	156	102.0
232	194	15.0
233	15	49.0
233	16	198.0
233	68	15.0
233	69	111.0
233	81	12.0
233	84	58.0
233	85	100.0
233	86	28.0
233	89	7.0
233	90	24.0
233	91	15.0
233	154	41.0
233	155	90.0
233	194	12.0
233	195	15.0
234	16	82.0
234	31	18.0
234	68	124.0
234	69	2.0
234	87	78.0
234	88	69.0
234	92	11.0
234	95	88.0
234	96	23.0
234	154	15.0
234	196	30.0
234	197	29.0
235	67	38.0
235	68	100.0
235	87	31.0
235	94	43.0
235	95	40.0
236	67	25.0
236	93	107.0
236	94	13.0
236	101	32.0
236	125	63.0
236	126	20.0
236	217	22.0
236	241	20.0
237	91	15.0
237	92	53.0
237	125	35.0
237	126	19.0
237	157	17.0
237	158	46.0
237	180	19.0
237	181	49.0
237	241	26.0
238	82	14.0
238	157	38.0
238	158	79.0
238	181	21.0
238	240	16.0
238	241	20.0
239	66	8.0
239	67	21.0
239	82	8.0
239	157	43.0
239	158	42.0
239	240	89.0
240	65	53.0
240	66	199.0
240	67	154.0
240	81	31.0
240	116	7.0
240	157	58.0
240	202	30.0
240	203	5.0
240	237	48.0
240	240	52.0
240	252	12.0
241	64	78.0
241	65	301.0
241	66	257.0
241	67	66.0
241	81	30.0
241	116	43.0
241	117	45.0
241	157	92.0
241	161	56.0
241	162	64.0
241	163	5.0
241	236	6.0
241	237	112.0
241	239	19.0
241	240	33.0
241	251	16.0
241	252	39.0
241	253	24.0
241	255	82.0
242	20	24.0
242	63	165.0
242	64	378.0
242	65	163.0
242	66	16.0
242	80	7.0
242	81	70.0
242	103	19.0
242	104	20.0
242	116	16.0
242	117	37.0
242	157	89.0
242	159	35.0
242	160	83.0
242	161	95.0
242	183	10.0
242	184	43.0
242	185	19.0
242	186	11.0
242	195	21.0
242	196	25.0
242	236	23.0
242	239	32.0
242	254	78.0
242	255	30.0
243	16	24.0
243	20	53.0
243	28	37.0
243	61	10.0
243	62	252.0
243	63	341.0
243	64	81.0
243	81	43.0
243	102	14.0
243	103	45.0
243	115	37.0
243	116	35.0
243	122	15.0
243	123	27.0
243	157	29.0
243	158	67.0
243	159	21.0
243	185	44.0
243	186	5.0
243	231	18.0
243	236	24.0
243	239	44.0
243	253	46.0
243	254	63.0
244	20	48.0
244	28	31.0
244	29	104.0
244	60	53.0
244	61	372.0
244	62	194.0
244	63	2.0
244	81	58.0
244	101	16.0
244	102	111.0
244	123	135.0
244	124	127.0
244	125	38.0
244	156	48.0
244	157	24.0
244	185	58.0
244	213	92.0
244	214	13.0
244	238	18.0
244	239	29.0
244	244	35.0
244	252	48.0
244	253	81.0
245	20	46.0
245	21	13.0
245	29	21.0
245	30	90.0
245	59	176.0
245	60	395.0
245	61	80.0
245	81	41.0
245	100	9.0
245	101	95.0
245	102	25.0
245	124	105.0
245	125	197.0
245	126	60.0
245	185	97.0
245	213	216.0
245	214	38.0
245	238	45.0
245	245	25.0
246	20	87.0
246	21	57.0
246	30	13.0
246	31	99.0
246	58	311.0
246	59	287.0
246	80	14.0
246	81	64.0
246	100	68.0
246	101	15.0
246	125	11.0
246	126	82.0
246	127	88.0
246	128	57.0
246	184	7.0
246	185	38.0
246	213	178.0
246	214	27.0
246	238	47.0
246	244	108.0
246	245	180.0
246	246	151.0
246	247	2.0
247	20	61.0
247	21	40.0
247	32	93.0
247	57	18.0
247	58	142.0
247	81	36.0
247	98	33.0
247	99	103.0
247	126	7.0
247	127	70.0
247	128	49.0
247	129	127.0
247	130	63.0
247	184	50.0
247	213	220.0
247	214	46.0
247	244	65.0
247	245	238.0
247	246	424.0
247	247	351.0
247	248	136.0
247	249	2.0
248	0	30.0
248	1	12.0
248	21	59.0
248	33	35.0
248	81	22.0
248	98	23.0
248	99	21.0
248	102	24.0
248	103	55.0
248	128	22.0
248	130	52.0
248	131	117.0
248	132	51.0
248	133	91.0
248	151	18.0
248	152	62.0
248	213	171.0
248	214	28.0
248	228	7.0
248	229	10.0
248	246	48.0
248	247	183.0
248	248	400.0
248	249	479.0
248	250	259.0
249	102	39.0
249	103	147.0
249	132	61.0
249	133	119.0
249	134	43.0
249	136	9.0
249	137	97.0
249	138	39.0
249	150	44.0
249	151	73.0
249	152	91.0
249	212	25.0
249	213	67.0
249	214	22.0
249	228	8.0
249	249	36.0
249	250	288.0
249	251	416.0
250	102	6.0
250	103	132.0
250	134	59.0
250	135	87.0
250	136	39.0
250	137	34.0
250	138	102.0
250	149	35.0
250	151	45.0
250	152	28.0
250	209	13.0
250	210	58.0
250	211	139.0
250	212	179.0
250	213	200.0
250	214	59.0
250	217	33.0
250	218	31.0
250	252	39.0
250	253	9.0
251	103	106.0
251	136	59.0
251	137	117.0
251	138	12.0
251	149	32.0
251	152	70.0
251	153	64.0
251	154	76.0
251	206	1.0
251	207	56.0
251	208	146.0
251	209	244.0
251	210	269.0
251	211	192.0
251	212	101.0
251	213	40.0
251	217	9.0
251	218	114.0
251	219	43.0
251	252	75.0
251	253	14.0
252	52	44.0
252	103	79.0
252	138	82.0
252	149	17.0
252	153	56.0
252	154	17.0
252	204	5.0
252	205	95.0
252	206	211.0
252	207	328.0
252	208	302.0
252	209	165.0
252	210	51.0
252	218	5.0
252	219	133.0
252	220	54.0
252	225	57.0
252	226	37.0
253	149	23.0
253	154	36.0
253	201	1.0
253	202	32.0
253	203	139.0
253	204	281.0
253	205	304.0
253	206	229.0
253	207	95.0
253	208	24.0
253	220	114.0
253	221	54.0
253	224	82.0
253	225	74.0
254	149	25.0
254	199	1.0
254	200	68.0
254	201	212.0
254	202	361.0
254	203	280.0
254	204	160.0
254	205	39.0
254	206	1.0
254	221	123.0
254	222	36.0
254	223	62.0
254	224	90.0
254	250	16.0
255	141	9.0
255	150	7.0
255	198	70.0
255	199	249.0
255	200	380.0
255	201	268.0
255	202	106.0
255	203	6.0
255	222	181.0
255	223	107.0
255	236	14.0
