0	4	52.0
0	5	29.0
0	12	46.0
0	13	16.0
0	24	61.0
0	25	115.0
0	26	164.0
0	27	65.0
0	49	14.0
0	72	65.0
0	73	59.0
0	75	49.0
0	78	34.0
0	79	57.0
0	80	18.0
0	94	44.0
0	95	76.0
0	96	10.0
0	111	39.0
0	112	62.0
0	159	18.0
0	177	20.0
0	178	96.0
0	231	25.0
0	232	74.0
0	233	110.0
0	255	28.0
1	5	92.0
1	10	12.0
1	11	32.0
1	24	28.0
1	49	46.0
1	72	29.0
1	73	86.0
1	76	31.0
1	80	63.0
1	81	62.0
1	110	59.0
1	111	158.0
1	112	39.0
1	159	21.0
1	178	33.0
1	179	142.0
1	231	22.0
1	255	19.0
2	9	14.0
2	10	41.0
2	49	85.0
2	50	13.0
2	73	122.0
2	74	27.0
2	109	52.0
2	110	147.0
2	111	22.0
2	127	39.0
2	128	52.0
2	158	10.0
2	179	163.0
2	180	18.0
2	202	18.0
2	203	12.0
2	227	22.0
2	228	79.0
2	229	8.0
3	9	6.0
3	10	76.0
3	49	16.0
3	71	21.0
3	72	29.0
3	73	44.0
3	83	31.0
3	84	14.0
3	107	14.0
3	108	76.0
3	109	123.0
3	127	29.0
3	128	129.0
3	129	95.0
3	138	14.0
3	139	2.0
3	159	59.0
3	169	166.0
3	170	29.0
3	172	46.0
3	173	105.0
3	174	37.0
3	179	146.0
3	180	37.0
3	202	4.0
3	213	25.0
3	227	14.0
3	228	40.0
3	229	38.0
3	230	36.0
4	66	17.0
4	84	22.0
4	89	32.0
4	107	218.0
4	108	114.0
4	129	58.0
4	130	111.0
4	131	37.0
4	140	13.0
4	141	15.0
4	171	65.0
4	172	151.0
4	173	116.0
4	174	14.0
4	179	133.0
4	185	23.0
4	186	9.0
4	193	10.0
4	213	87.0
4	214	66.0
4	215	51.0
4	218	23.0
4	230	16.0
4	254	16.0
5	79	39.0
5	80	118.0
5	81	6.0
5	84	17.0
5	85	25.0
5	87	47.0
5	88	213.0
5	90	29.0
5	102	51.0
5	103	3.0
5	106	133.0
5	107	71.0
5	130	28.0
5	131	116.0
5	132	141.0
5	155	15.0
5	170	64.0
5	171	149.0
5	172	84.0
5	173	27.0
5	179	58.0
5	180	55.0
5	183	25.0
5	184	35.0
5	185	18.0
5	193	24.0
5	194	23.0
5	216	64.0
5	217	75.0
5	218	19.0
5	230	11.0
5	253	13.0
5	254	48.0
6	60	13.0
6	79	137.0
6	80	290.0
6	81	20.0
6	84	93.0
6	85	42.0
6	87	15.0
6	88	55.0
6	89	35.0
6	102	74.0
6	103	29.0
6	105	134.0
6	106	53.0
6	132	142.0
6	133	125.0
6	134	4.0
6	169	136.0
6	170	170.0
6	171	32.0
6	180	28.0
6	192	67.0
6	193	196.0
6	194	84.0
6	204	44.0
6	205	31.0
6	218	44.0
7	42	16.0
7	44	15.0
7	45	131.0
7	79	271.0
7	80	300.0
7	90	42.0
7	103	14.0
7	105	8.0
7	133	7.0
7	134	108.0
7	135	97.0
7	168	133.0
7	169	129.0
7	170	13.0
7	191	107.0
7	192	294.0
7	193	135.0
7	194	9.0
7	206	19.0
7	207	43.0
7	229	87.0
7	230	52.0
8	42	27.0
8	44	40.0
8	45	20.0
8	57	3.0
8	79	381.0
8	80	223.0
8	91	20.0
8	115	9.0
8	116	13.0
8	135	94.0
8	136	141.0
8	155	150.0
8	156	46.0
8	157	28.0
8	166	17.0
8	167	177.0
8	168	114.0
8	187	18.0
8	188	78.0
8	190	206.0
8	191	306.0
8	192	50.0
8	208	35.0
8	209	19.0
8	229	48.0
9	26	15.0
9	27	34.0
9	28	12.0
9	32	102.0
9	33	23.0
9	43	11.0
9	44	54.0
9	79	511.0
9	80	56.0
9	91	40.0
9	137	86.0
9	138	16.0
9	156	13.0
9	157	15.0
9	165	61.0
9	166	188.0
9	167	68.0
9	188	48.0
9	189	499.0
9	190	219.0
9	205	6.0
9	209	122.0
9	228	18.0
10	26	14.0
10	27	27.0
10	31	51.0
10	32	63.0
10	33	15.0
10	79	615.0
10	80	2.0
10	91	34.0
10	92	9.0
10	118	61.0
10	119	8.0
10	138	24.0
10	139	10.0
10	140	57.0
10	141	24.0
10	157	12.0
10	164	93.0
10	165	188.0
10	166	38.0
10	188	418.0
10	189	98.0
10	205	73.0
10	209	9.0
11	28	15.0
11	34	18.0
11	71	68.0
11	79	616.0
11	92	18.0
11	118	41.0
11	136	18.0
11	137	74.0
11	138	52.0
11	139	114.0
11	140	47.0
11	156	10.0
11	157	19.0
11	163	120.0
11	164	183.0
11	165	17.0
11	189	32.0
11	202	56.0
11	205	83.0
12	21	38.0
12	22	13.0
12	33	21.0
12	34	68.0
12	71	83.0
12	73	33.0
12	81	23.0
12	89	6.0
12	128	9.0
12	136	18.0
12	137	113.0
12	138	65.0
12	139	27.0
12	156	14.0
12	157	8.0
12	162	177.0
12	163	130.0
12	200	25.0
12	201	60.0
12	202	77.0
12	205	44.0
12	206	7.0
13	21	8.0
13	22	30.0
13	33	52.0
13	34	162.0
13	35	18.0
13	39	22.0
13	71	32.0
13	72	32.0
13	73	60.0
13	135	65.0
13	136	94.0
13	140	26.0
13	160	32.0
13	161	349.0
13	162	137.0
13	163	34.0
13	179	13.0
13	181	12.0
13	201	54.0
13	202	42.0
13	205	15.0
13	206	54.0
13	215	21.0
13	238	59.0
13	239	57.0
14	22	15.0
14	32	92.0
14	33	143.0
14	34	130.0
14	35	28.0
14	39	91.0
14	133	33.0
14	134	97.0
14	135	23.0
14	140	34.0
14	159	55.0
14	160	226.0
14	161	48.0
14	163	54.0
14	180	19.0
14	181	106.0
14	206	137.0
14	214	23.0
14	217	11.0
14	237	23.0
14	238	295.0
14	239	75.0
15	23	7.0
15	31	8.0
15	32	182.0
15	33	362.0
15	34	514.0
15	35	412.0
15	36	249.0
15	37	91.0
15	38	6.0
15	39	23.0
15	132	90.0
15	133	45.0
15	141	17.0
15	158	62.0
15	159	247.0
15	160	25.0
15	163	74.0
15	170	33.0
15	171	14.0
15	176	32.0
15	177	47.0
15	179	11.0
15	180	21.0
15	206	129.0
15	211	33.0
15	212	21.0
15	213	19.0
15	237	92.0
15	238	389.0
16	32	32.0
16	33	86.0
16	34	182.0
16	35	342.0
16	36	387.0
16	37	430.0
16	38	474.0
16	39	358.0
16	40	166.0
16	41	8.0
16	131	40.0
16	141	53.0
16	157	121.0
16	158	200.0
16	163	51.0
16	170	139.0
16	171	26.0
16	177	79.0
16	178	22.0
16	179	52.0
16	199	25.0
16	200	193.0
16	201	177.0
16	202	21.0
16	206	97.0
16	211	196.0
16	213	21.0
16	237	305.0
16	238	69.0
17	34	13.0
17	35	116.0
17	36	2.0
17	37	9.0
17	38	51.0
17	39	165.0
17	40	348.0
17	41	501.0
17	42	520.0
17	43	124.0
17	141	47.0
17	142	150.0
17	156	251.0
17	157	174.0
17	163	40.0
17	170	184.0
17	178	102.0
17	179	16.0
17	199	126.0
17	200	605.0
17	201	565.0
17	202	90.0
17	212	25.0
17	213	30.0
17	231	31.0
17	237	71.0
18	35	117.0
18	58	17.0
18	59	89.0
18	60	23.0
18	142	90.0
18	155	238.0
18	156	143.0
18	169	40.0
18	170	136.0
18	178	8.0
18	179	76.0
18	199	141.0
18	200	829.0
18	201	667.0
18	202	77.0
18	212	39.0
18	213	22.0
18	231	99.0
18	241	27.0
18	242	61.0
18	252	20.0
19	35	109.0
19	58	19.0
19	59	43.0
19	60	27.0
19	61	12.0
19	142	25.0
19	143	16.0
19	153	7.0
19	154	393.0
19	169	142.0
19	179	66.0
19	180	72.0
19	199	85.0
19	200	849.0
19	201	572.0
19	202	24.0
19	213	10.0
19	230	25.0
19	231	24.0
19	232	30.0
19	242	8.0
19	243	30.0
19	244	27.0
20	19	48.0
20	20	45.0
20	35	119.0
20	46	91.0
20	85	16.0
20	106	25.0
20	114	87.0
20	115	15.0
20	143	90.0
20	153	82.0
20	154	190.0
20	155	47.0
20	180	106.0
20	181	19.0
20	189	68.0
20	190	41.0
20	191	51.0
20	199	67.0
20	200	848.0
20	201	430.0
20	202	2.0
20	211	17.0
20	212	17.0
20	230	11.0
20	233	6.0
20	245	31.0
20	246	11.0
21	19	62.0
21	20	89.0
21	35	84.0
21	46	88.0
21	47	71.0
21	85	45.0
21	86	31.0
21	106	19.0
21	114	179.0
21	153	17.0
21	154	134.0
21	155	233.0
21	156	115.0
21	184	14.0
21	189	48.0
21	190	41.0
21	191	31.0
21	199	55.0
21	200	831.0
21	201	246.0
21	206	134.0
21	208	14.0
21	209	32.0
21	210	18.0
21	216	20.0
21	246	16.0
21	247	31.0
21	248	28.0
21	249	8.0
22	0	43.0
22	1	25.0
22	35	27.0
22	47	37.0
22	114	40.0
22	155	29.0
22	156	216.0
22	157	242.0
22	158	15.0
22	186	25.0
22	199	44.0
22	200	845.0
22	201	123.0
22	205	41.0
22	206	37.0
22	207	95.0
22	208	50.0
22	248	72.0
22	249	11.0
23	1	31.0
23	2	41.0
23	47	26.0
23	79	50.0
23	80	27.0
23	150	25.0
23	157	91.0
23	158	364.0
23	159	123.0
23	182	11.0
23	197	42.0
23	199	31.0
23	200	860.0
23	201	39.0
23	203	19.0
23	204	26.0
23	248	52.0
23	249	8.0
24	3	59.0
24	4	28.0
24	27	41.0
24	47	14.0
24	79	102.0
24	80	25.0
24	139	4.0
24	144	43.0
24	150	13.0
24	159	307.0
24	160	126.0
24	166	13.0
24	174	18.0
24	181	21.0
24	182	48.0
24	197	68.0
24	198	78.0
24	199	59.0
24	200	721.0
24	201	15.0
24	203	32.0
24	204	20.0
25	4	39.0
25	5	70.0
25	13	27.0
25	14	24.0
25	47	18.0
25	112	69.0
25	113	84.0
25	122	36.0
25	123	27.0
25	143	18.0
25	144	113.0
25	165	21.0
25	174	55.0
25	175	124.0
25	188	25.0
25	196	66.0
25	197	440.0
25	198	203.0
25	199	27.0
25	200	846.0
25	204	30.0
25	205	36.0
25	241	74.0
25	242	111.0
25	243	10.0
25	251	28.0
25	252	109.0
25	253	57.0
25	254	58.0
25	255	77.0
26	5	14.0
26	6	34.0
26	11	15.0
26	12	57.0
26	13	19.0
26	46	57.0
26	47	66.0
26	112	47.0
26	113	33.0
26	147	24.0
26	149	9.0
26	164	12.0
26	175	64.0
26	176	125.0
26	177	18.0
26	178	7.0
26	179	27.0
26	188	45.0
26	196	167.0
26	197	749.0
26	198	253.0
26	200	111.0
26	201	6.0
26	203	4.0
26	204	19.0
26	240	90.0
26	241	289.0
26	242	115.0
27	10	36.0
27	11	19.0
27	33	24.0
27	46	35.0
27	82	16.0
27	113	12.0
27	114	30.0
27	137	15.0
27	138	17.0
27	139	24.0
27	140	25.0
27	141	26.0
27	144	22.0
27	147	32.0
27	148	80.0
27	149	54.0
27	163	20.0
27	176	28.0
27	177	144.0
27	178	89.0
27	188	15.0
27	196	273.0
27	197	872.0
27	198	89.0
27	203	26.0
27	204	32.0
27	236	28.0
27	237	29.0
27	238	29.0
27	239	31.0
27	240	315.0
27	241	178.0
27	251	101.0
27	252	92.0
27	253	49.0
28	8	25.0
28	9	26.0
28	81	15.0
28	82	62.0
28	115	55.0
28	116	38.0
28	125	22.0
28	126	35.0
28	127	66.0
28	128	75.0
28	129	155.0
28	130	110.0
28	131	69.0
28	132	91.0
28	133	74.0
28	134	126.0
28	135	116.0
28	136	112.0
28	137	118.0
28	138	78.0
28	139	55.0
28	140	49.0
28	141	40.0
28	144	43.0
28	145	52.0
28	149	28.0
28	150	90.0
28	151	41.0
28	163	17.0
28	164	20.0
28	178	204.0
28	179	110.0
28	187	84.0
28	188	51.0
28	195	1.0
28	196	469.0
28	197	649.0
28	198	6.0
28	234	30.0
28	235	128.0
28	236	16.0
28	238	13.0
28	239	330.0
28	240	196.0
28	248	16.0
28	249	29.0
28	251	33.0
29	6	22.0
29	7	43.0
29	34	9.0
29	82	147.0
29	83	17.0
29	101	70.0
29	102	89.0
29	103	5.0
29	111	26.0
29	112	7.0
29	115	21.0
29	116	15.0
29	118	13.0
29	119	181.0
29	120	119.0
29	121	66.0
29	122	112.0
29	123	104.0
29	124	57.0
29	125	42.0
29	126	36.0
29	127	31.0
29	128	23.0
29	129	64.0
29	130	21.0
29	149	77.0
29	150	276.0
29	151	488.0
29	152	483.0
29	153	317.0
29	154	46.0
29	164	58.0
29	165	48.0
29	178	87.0
29	179	114.0
29	187	117.0
29	188	46.0
29	195	3.0
29	196	758.0
29	197	229.0
29	211	21.0
29	212	50.0
29	238	268.0
29	239	202.0
29	240	19.0
29	248	17.0
29	250	16.0
30	20	61.0
30	31	12.0
30	32	8.0
30	33	7.0
30	54	79.0
30	55	27.0
30	82	71.0
30	83	38.0
30	99	32.0
30	100	96.0
30	101	103.0
30	102	29.0
30	109	9.0
30	110	78.0
30	111	135.0
30	112	18.0
30	150	21.0
30	151	48.0
30	152	130.0
30	153	268.0
30	154	414.0
30	155	15.0
30	165	32.0
30	166	85.0
30	167	9.0
30	178	140.0
30	196	456.0
30	211	66.0
30	212	173.0
30	222	13.0
30	223	25.0
30	224	14.0
30	237	246.0
30	238	245.0
30	240	13.0
30	248	28.0
31	18	59.0
31	19	89.0
31	20	87.0
31	28	12.0
31	29	26.0
31	54	63.0
31	55	34.0
31	82	22.0
31	83	84.0
31	97	9.0
31	98	112.0
31	99	114.0
31	107	14.0
31	108	62.0
31	109	52.0
31	110	19.0
31	122	26.0
31	155	17.0
31	156	152.0
31	167	65.0
31	168	76.0
31	171	45.0
31	178	172.0
31	211	58.0
31	212	200.0
31	236	163.0
31	237	282.0
31	241	38.0
31	248	21.0
32	27	5.0
32	28	6.0
32	83	128.0
32	96	59.0
32	97	106.0
32	98	20.0
32	102	51.0
32	105	23.0
32	106	138.0
32	107	52.0
32	156	45.0
32	171	49.0
32	172	85.0
32	178	56.0
32	199	42.0
32	211	42.0
32	212	234.0
32	225	18.0
32	226	13.0
32	235	173.0
32	236	299.0
32	240	19.0
32	249	152.0
32	250	24.0
33	62	69.0
33	83	102.0
33	84	2.0
33	95	31.0
33	96	35.0
33	103	12.0
33	104	56.0
33	105	60.0
33	153	24.0
33	156	52.0
33	171	9.0
33	172	35.0
33	197	20.0
33	198	51.0
33	199	97.0
33	204	36.0
33	211	11.0
33	212	280.0
33	234	149.0
33	235	329.0
33	246	6.0
33	249	6.0
33	250	21.0
34	25	17.0
34	31	6.0
34	57	15.0
34	61	96.0
34	62	38.0
34	63	43.0
34	77	32.0
34	78	56.0
34	83	159.0
34	84	105.0
34	145	20.0
34	148	17.0
34	149	37.0
34	153	32.0
34	155	37.0
34	159	53.0
34	164	29.0
34	167	6.0
34	168	22.0
34	169	92.0
34	170	14.0
34	189	5.0
34	212	131.0
34	233	14.0
34	234	435.0
34	235	12.0
34	247	12.0
34	248	19.0
35	6	41.0
35	7	63.0
35	17	21.0
35	24	5.0
35	30	30.0
35	31	48.0
35	32	41.0
35	33	54.0
35	64	28.0
35	65	9.0
35	78	47.0
35	83	124.0
35	84	188.0
35	105	15.0
35	145	40.0
35	146	64.0
35	148	19.0
35	149	24.0
35	156	12.0
35	159	29.0
35	164	11.0
35	165	23.0
35	166	16.0
35	169	26.0
35	177	13.0
35	178	23.0
35	229	21.0
35	234	31.0
35	235	33.0
36	6	30.0
36	7	103.0
36	16	21.0
36	17	68.0
36	18	55.0
36	33	48.0
36	34	36.0
36	65	29.0
36	81	13.0
36	84	321.0
36	85	118.0
36	106	17.0
36	107	7.0
36	112	64.0
36	147	13.0
36	154	117.0
36	155	24.0
36	156	21.0
36	166	9.0
36	177	49.0
36	178	37.0
36	188	88.0
36	189	30.0
36	229	7.0
37	7	132.0
37	17	11.0
37	18	130.0
37	21	9.0
37	31	70.0
37	32	89.0
37	33	92.0
37	34	24.0
37	66	18.0
37	80	6.0
37	81	110.0
37	82	79.0
37	84	82.0
37	85	22.0
37	108	13.0
37	109	12.0
37	110	13.0
37	111	20.0
37	112	9.0
37	120	7.0
37	153	19.0
37	154	21.0
37	158	77.0
37	159	57.0
37	165	27.0
37	166	20.0
37	167	15.0
37	168	14.0
37	169	39.0
37	170	32.0
37	171	23.0
37	172	13.0
37	188	69.0
37	189	121.0
37	197	28.0
37	198	29.0
37	216	11.0
37	217	49.0
37	218	12.0
37	250	57.0
37	251	12.0
38	7	135.0
38	8	13.0
38	18	59.0
38	19	101.0
38	20	12.0
38	29	62.0
38	30	107.0
38	31	57.0
38	66	15.0
38	82	92.0
38	83	93.0
38	85	100.0
38	115	46.0
38	116	66.0
38	117	77.0
38	118	88.0
38	119	92.0
38	120	67.0
38	125	19.0
38	126	8.0
38	147	5.0
38	148	79.0
38	150	23.0
38	153	25.0
38	160	16.0
38	165	89.0
38	166	57.0
38	168	20.0
38	169	58.0
38	170	69.0
38	171	81.0
38	172	115.0
38	173	106.0
38	174	105.0
38	175	149.0
38	176	114.0
38	177	142.0
38	178	123.0
38	179	106.0
38	180	109.0
38	181	77.0
38	182	46.0
38	183	13.0
38	189	115.0
38	190	17.0
38	195	8.0
38	196	55.0
38	197	33.0
38	218	41.0
38	219	57.0
38	250	55.0
38	251	5.0
39	7	129.0
39	8	71.0
39	19	146.0
39	20	25.0
39	27	71.0
39	28	119.0
39	29	50.0
39	36	54.0
39	52	5.0
39	53	62.0
39	54	33.0
39	66	23.0
39	82	34.0
39	83	50.0
39	84	145.0
39	85	32.0
39	110	24.0
39	111	75.0
39	112	123.0
39	113	144.0
39	114	174.0
39	115	217.0
39	116	212.0
39	117	122.0
39	118	62.0
39	119	40.0
39	120	13.0
39	125	27.0
39	126	4.0
39	147	19.0
39	149	4.0
39	152	44.0
39	153	105.0
39	154	13.0
39	157	66.0
39	158	4.0
39	166	30.0
39	179	2.0
39	180	33.0
39	181	40.0
39	182	69.0
39	183	98.0
39	184	197.0
39	185	89.0
39	190	162.0
39	194	21.0
39	195	20.0
39	219	26.0
39	220	85.0
39	221	12.0
40	7	71.0
40	8	161.0
40	17	7.0
40	19	29.0
40	20	110.0
40	23	37.0
40	25	67.0
40	26	119.0
40	27	51.0
40	36	13.0
40	53	63.0
40	54	81.0
40	64	9.0
40	65	43.0
40	66	52.0
40	105	32.0
40	106	101.0
40	107	179.0
40	108	177.0
40	109	278.0
40	110	220.0
40	111	174.0
40	112	109.0
40	113	41.0
40	114	5.0
40	116	6.0
40	147	22.0
40	148	43.0
40	149	34.0
40	150	43.0
40	151	24.0
40	153	43.0
40	154	152.0
40	155	127.0
40	157	7.0
40	158	29.0
40	159	121.0
40	190	56.0
40	192	27.0
40	193	40.0
40	220	76.0
40	221	88.0
40	222	23.0
40	240	34.0
40	255	25.0
41	8	135.0
41	19	12.0
41	20	66.0
41	21	37.0
41	23	62.0
41	24	43.0
41	25	86.0
41	101	150.0
41	102	195.0
41	103	225.0
41	104	200.0
41	105	166.0
41	106	81.0
41	107	25.0
41	148	9.0
41	149	26.0
41	150	52.0
41	151	105.0
41	152	45.0
41	153	51.0
41	154	94.0
41	155	168.0
41	156	18.0
41	157	65.0
41	159	41.0
41	190	12.0
41	191	29.0
41	222	24.0
41	223	54.0
41	239	116.0
41	240	137.0
41	250	27.0
41	251	59.0
41	252	57.0
41	253	44.0
41	254	42.0
41	255	29.0
42	8	220.0
42	9	27.0
42	19	15.0
42	21	93.0
42	22	4.0
42	23	40.0
42	148	10.0
42	149	34.0
42	150	139.0
42	151	133.0
42	152	63.0
42	153	19.0
42	156	129.0
42	157	81.0
42	181	11.0
42	189	42.0
42	195	6.0
42	224	49.0
42	225	15.0
42	235	19.0
42	238	42.0
42	239	295.0
42	240	137.0
42	247	123.0
42	248	55.0
42	249	40.0
42	254	15.0
43	8	115.0
43	19	19.0
43	22	26.0
43	23	21.0
43	146	18.0
43	147	48.0
43	148	88.0
43	149	171.0
43	150	37.0
43	157	130.0
43	158	95.0
43	180	43.0
43	181	25.0
43	188	11.0
43	199	5.0
43	221	112.0
43	222	75.0
43	224	113.0
43	225	81.0
43	226	37.0
43	235	21.0
43	236	14.0
43	238	21.0
43	239	268.0
43	253	32.0
43	254	14.0
44	18	48.0
44	19	9.0
44	22	43.0
44	144	27.0
44	145	65.0
44	146	127.0
44	147	56.0
44	148	7.0
44	149	19.0
44	158	90.0
44	159	67.0
44	163	19.0
44	164	5.0
44	179	48.0
44	180	25.0
44	197	36.0
44	199	136.0
44	200	88.0
44	221	95.0
44	222	234.0
44	223	39.0
44	225	47.0
44	237	10.0
44	238	30.0
44	239	171.0
44	252	38.0
44	253	35.0
44	254	32.0
45	22	73.0
45	141	23.0
45	142	113.0
45	143	121.0
45	144	78.0
45	145	23.0
45	163	22.0
45	164	11.0
45	175	13.0
45	176	65.0
45	177	7.0
45	178	46.0
45	179	14.0
45	197	108.0
45	199	22.0
45	200	20.0
45	222	150.0
45	223	179.0
45	225	40.0
45	226	27.0
45	237	66.0
45	238	147.0
45	239	16.0
45	242	10.0
45	251	45.0
46	18	20.0
46	22	77.0
46	32	14.0
46	33	117.0
46	43	12.0
46	139	38.0
46	140	85.0
46	141	129.0
46	142	115.0
46	143	7.0
46	156	14.0
46	157	15.0
46	175	6.0
46	176	24.0
46	177	89.0
46	197	47.0
46	223	177.0
46	224	143.0
46	225	9.0
46	238	149.0
46	239	69.0
46	240	22.0
46	241	25.0
46	242	15.0
46	250	109.0
46	251	85.0
47	17	11.0
47	22	48.0
47	33	88.0
47	109	53.0
47	110	67.0
47	111	77.0
47	112	81.0
47	136	13.0
47	137	74.0
47	138	83.0
47	139	60.0
47	156	15.0
47	175	25.0
47	176	77.0
47	196	67.0
47	197	4.0
47	221	70.0
47	222	89.0
47	223	36.0
47	224	285.0
47	225	138.0
47	227	62.0
47	228	31.0
47	238	28.0
47	239	156.0
47	240	92.0
47	241	55.0
48	14	39.0
48	15	40.0
48	16	27.0
48	17	10.0
48	22	12.0
48	111	13.0
48	112	24.0
48	134	54.0
48	135	73.0
48	136	174.0
48	137	61.0
48	174	57.0
48	175	87.0
48	196	82.0
48	222	10.0
48	224	47.0
48	225	298.0
48	226	17.0
48	227	123.0
48	228	37.0
48	230	1.0
48	235	24.0
48	236	67.0
48	237	45.0
48	239	91.0
48	240	118.0
48	241	33.0
48	242	63.0
48	243	16.0
49	15	31.0
49	17	38.0
49	41	96.0
49	42	38.0
49	89	44.0
49	101	54.0
49	131	30.0
49	132	89.0
49	133	92.0
49	134	49.0
49	136	17.0
49	196	74.0
49	225	127.0
49	226	228.0
49	228	17.0
49	229	25.0
49	230	4.0
49	236	15.0
49	237	46.0
49	238	132.0
49	239	177.0
49	240	58.0
49	242	30.0
49	243	105.0
49	244	19.0
49	248	14.0
50	40	39.0
50	41	66.0
50	57	88.0
50	58	21.0
50	89	54.0
50	90	68.0
50	101	140.0
50	127	32.0
50	128	46.0
50	129	55.0
50	130	88.0
50	131	91.0
50	132	59.0
50	197	52.0
50	213	10.0
50	218	5.0
50	226	197.0
50	227	219.0
50	236	59.0
50	237	73.0
50	238	50.0
50	239	40.0
50	240	70.0
50	241	109.0
50	242	27.0
50	244	67.0
50	245	61.0
50	247	17.0
50	248	35.0
51	39	12.0
51	40	13.0
51	56	20.0
51	57	38.0
51	90	92.0
51	100	36.0
51	101	19.0
51	126	35.0
51	127	214.0
51	128	122.0
51	129	18.0
51	132	123.0
51	140	35.0
51	141	18.0
51	187	13.0
51	188	51.0
51	197	52.0
51	198	7.0
51	212	63.0
51	213	86.0
51	214	45.0
51	218	69.0
51	220	20.0
51	224	17.0
51	227	309.0
51	228	98.0
51	237	61.0
51	242	57.0
51	243	119.0
51	244	79.0
51	245	21.0
51	246	59.0
52	40	27.0
52	42	10.0
52	56	42.0
52	60	8.0
52	91	54.0
52	100	34.0
52	124	115.0
52	125	104.0
52	126	104.0
52	128	15.0
52	129	60.0
52	140	27.0
52	141	51.0
52	175	28.0
52	188	32.0
52	196	7.0
52	219	25.0
52	220	21.0
52	222	18.0
52	223	14.0
52	228	290.0
52	236	40.0
52	237	12.0
52	247	59.0
52	248	30.0
53	41	8.0
53	42	34.0
53	56	32.0
53	59	72.0
53	60	127.0
53	91	50.0
53	92	27.0
53	100	23.0
53	109	76.0
53	110	34.0
53	111	16.0
53	121	36.0
53	122	157.0
53	123	73.0
53	175	37.0
53	215	31.0
53	216	23.0
53	217	28.0
53	218	26.0
53	235	29.0
53	236	14.0
53	248	45.0
53	249	74.0
54	3	16.0
54	56	25.0
54	79	11.0
54	92	89.0
54	110	24.0
54	111	19.0
54	112	34.0
54	120	118.0
54	121	17.0
54	123	33.0
54	155	21.0
54	175	72.0
54	205	18.0
54	234	32.0
54	235	36.0
54	250	105.0
54	251	29.0
55	19	16.0
55	92	17.0
55	93	59.0
55	97	17.0
55	113	75.0
55	120	13.0
55	215	31.0
55	216	30.0
55	233	7.0
55	234	36.0
55	251	188.0
55	252	39.0
55	254	34.0
55	255	26.0
56	93	22.0
56	97	46.0
56	98	49.0
56	99	16.0
56	114	10.0
56	115	22.0
56	116	6.0
56	119	22.0
56	187	22.0
56	188	37.0
56	215	216.0
56	216	41.0
56	232	14.0
56	233	57.0
56	253	39.0
56	254	25.0
56	255	54.0
57	99	25.0
57	100	37.0
57	101	27.0
57	109	13.0
57	117	22.0
57	118	38.0
57	167	16.0
57	173	66.0
57	187	35.0
57	188	61.0
57	215	12.0
57	232	72.0
57	253	105.0
58	93	21.0
58	101	23.0
58	102	58.0
58	103	48.0
58	107	19.0
58	168	24.0
58	169	6.0
58	173	23.0
58	187	11.0
58	188	14.0
58	193	40.0
58	194	14.0
58	215	14.0
58	231	54.0
59	21	49.0
59	22	17.0
59	61	19.0
59	103	18.0
59	104	41.0
59	105	32.0
59	135	54.0
59	169	15.0
59	170	27.0
59	191	12.0
59	192	112.0
59	193	52.0
59	215	26.0
59	230	44.0
60	21	52.0
60	22	105.0
60	23	5.0
60	82	30.0
60	83	32.0
60	106	53.0
60	107	41.0
60	108	15.0
60	170	8.0
60	171	23.0
60	190	24.0
60	191	141.0
60	192	46.0
60	215	9.0
60	229	33.0
60	230	16.0
61	22	43.0
61	23	121.0
61	24	3.0
61	52	20.0
61	53	125.0
61	82	22.0
61	83	16.0
61	108	40.0
61	109	57.0
61	110	30.0
61	172	26.0
61	173	52.0
61	174	24.0
61	189	63.0
61	190	155.0
61	191	14.0
61	214	60.0
61	215	23.0
61	228	24.0
61	229	34.0
62	1	18.0
62	2	14.0
62	13	106.0
62	23	38.0
62	24	179.0
62	52	58.0
62	53	73.0
62	59	6.0
62	60	17.0
62	76	43.0
62	77	73.0
62	111	29.0
62	112	61.0
62	168	37.0
62	173	37.0
62	174	22.0
62	188	91.0
62	189	69.0
62	214	21.0
62	215	95.0
62	216	80.0
62	217	3.0
62	228	66.0
62	229	43.0
63	1	6.0
63	2	42.0
63	3	131.0
63	4	67.0
63	13	50.0
63	24	116.0
63	25	121.0
63	59	16.0
63	60	44.0
63	61	180.0
63	77	16.0
63	113	36.0
63	114	35.0
63	145	36.0
63	146	59.0
63	166	10.0
63	167	62.0
63	168	8.0
63	169	43.0
63	175	20.0
63	187	124.0
63	188	44.0
63	216	30.0
63	217	100.0
63	218	83.0
63	227	48.0
63	228	56.0
64	2	56.0
64	3	257.0
64	4	358.0
64	5	175.0
64	6	19.0
64	25	20.0
64	26	146.0
64	30	42.0
64	61	49.0
64	75	58.0
64	76	50.0
64	145	19.0
64	164	86.0
64	165	17.0
64	167	58.0
64	169	32.0
64	185	10.0
64	186	167.0
64	187	24.0
64	193	7.0
64	207	20.0
64	208	16.0
64	210	14.0
64	211	9.0
64	218	63.0
64	219	94.0
64	220	23.0
64	226	72.0
65	3	79.0
65	4	252.0
65	5	428.0
65	6	386.0
65	7	123.0
65	8	3.0
65	26	18.0
65	27	191.0
65	30	103.0
65	31	47.0
65	76	44.0
65	77	17.0
65	84	26.0
65	85	7.0
65	123	28.0
65	145	23.0
65	164	75.0
65	165	17.0
65	166	42.0
65	167	107.0
65	168	18.0
65	185	40.0
65	197	37.0
65	198	94.0
65	199	25.0
65	206	17.0
65	220	57.0
65	221	97.0
65	255	38.0
66	5	82.0
66	6	367.0
66	7	427.0
66	8	333.0
66	9	103.0
66	10	1.0
66	28	49.0
66	30	25.0
66	31	145.0
66	76	9.0
66	85	26.0
66	118	8.0
66	119	23.0
66	120	15.0
66	135	27.0
66	146	145.0
66	163	25.0
66	164	97.0
66	165	62.0
66	166	11.0
66	195	21.0
66	196	57.0
66	197	55.0
66	205	16.0
66	222	60.0
66	223	120.0
66	239	31.0
66	254	12.0
66	255	73.0
67	6	73.0
67	7	80.0
67	8	246.0
67	9	458.0
67	10	366.0
67	11	73.0
67	31	107.0
67	32	71.0
67	85	22.0
67	90	113.0
67	91	53.0
67	115	16.0
67	116	46.0
67	117	61.0
67	118	41.0
67	119	25.0
67	135	60.0
67	136	13.0
67	161	79.0
67	162	53.0
67	163	12.0
67	164	20.0
67	193	8.0
67	194	81.0
67	195	37.0
67	196	32.0
67	239	24.0
67	255	37.0
68	9	38.0
68	10	201.0
68	11	448.0
68	12	396.0
68	13	89.0
68	32	130.0
68	85	12.0
68	113	37.0
68	114	56.0
68	115	51.0
68	116	43.0
68	117	18.0
68	119	3.0
68	158	75.0
68	159	44.0
68	160	27.0
68	161	26.0
68	164	98.0
68	167	27.0
68	168	56.0
68	169	40.0
68	170	8.0
68	175	23.0
68	176	52.0
68	177	24.0
68	192	42.0
68	193	51.0
68	196	30.0
68	197	41.0
68	198	2.0
68	240	104.0
68	241	104.0
69	11	6.0
69	12	148.0
69	13	403.0
69	14	528.0
69	15	148.0
69	32	11.0
69	76	15.0
69	77	6.0
69	85	24.0
69	110	20.0
69	111	48.0
69	112	41.0
69	113	39.0
69	114	13.0
69	119	45.0
69	149	114.0
69	150	14.0
69	156	49.0
69	157	70.0
69	158	40.0
69	160	28.0
69	161	16.0
69	164	68.0
69	165	33.0
69	166	28.0
69	167	74.0
69	168	16.0
69	174	47.0
69	175	58.0
69	176	31.0
69	190	28.0
69	191	70.0
69	192	5.0
69	196	31.0
69	197	129.0
70	14	61.0
70	15	382.0
70	16	438.0
70	17	281.0
70	44	10.0
70	76	80.0
70	77	7.0
70	85	35.0
70	104	3.0
70	105	39.0
70	106	21.0
70	107	13.0
70	108	45.0
70	109	50.0
70	110	36.0
70	111	10.0
70	118	14.0
70	119	22.0
70	149	44.0
70	160	66.0
70	161	46.0
70	162	48.0
70	163	23.0
70	171	6.0
70	172	38.0
70	173	41.0
70	174	31.0
70	188	23.0
70	189	59.0
70	190	20.0
70	222	9.0
71	17	137.0
71	44	106.0
71	75	87.0
71	76	22.0
71	84	34.0
71	85	32.0
71	104	9.0
71	105	65.0
71	106	83.0
71	107	33.0
71	108	18.0
71	118	32.0
71	159	33.0
71	170	40.0
71	171	91.0
71	172	43.0
71	187	74.0
71	188	45.0
71	222	7.0
71	251	31.0
72	54	30.0
72	70	146.0
72	74	155.0
72	75	29.0
72	84	127.0
72	85	90.0
72	101	15.0
72	102	41.0
72	103	121.0
72	104	71.0
72	105	18.0
72	118	43.0
72	127	17.0
72	128	29.0
72	168	25.0
72	169	65.0
72	170	50.0
72	171	24.0
72	180	10.0
72	185	36.0
72	186	159.0
72	187	14.0
72	251	37.0
72	252	19.0
73	70	102.0
73	73	40.0
73	74	61.0
73	99	25.0
73	100	68.0
73	101	81.0
73	102	38.0
73	118	62.0
73	127	105.0
73	166	17.0
73	167	43.0
73	168	38.0
73	169	7.0
73	179	25.0
73	180	21.0
73	184	74.0
73	198	10.0
73	199	61.0
73	251	12.0
73	252	13.0
74	0	44.0
74	43	12.0
74	44	44.0
74	45	18.0
74	73	73.0
74	96	28.0
74	97	70.0
74	98	60.0
74	99	20.0
74	127	88.0
74	165	51.0
74	166	53.0
74	167	16.0
74	179	26.0
74	180	33.0
74	199	73.0
74	200	71.0
75	0	69.0
75	43	83.0
75	44	72.0
75	45	43.0
75	93	16.0
75	94	68.0
75	95	57.0
75	96	38.0
75	110	14.0
75	115	11.0
75	163	34.0
75	164	51.0
75	165	20.0
75	180	17.0
75	214	13.0
76	21	17.0
76	25	8.0
76	26	12.0
76	43	45.0
76	44	30.0
76	90	17.0
76	91	49.0
76	92	70.0
76	93	46.0
76	109	114.0
76	110	123.0
76	111	18.0
76	112	16.0
76	114	42.0
76	115	48.0
76	144	81.0
76	145	15.0
76	151	18.0
76	161	25.0
76	162	46.0
76	163	18.0
76	189	38.0
76	192	61.0
76	247	13.0
76	251	11.0
76	252	11.0
77	20	51.0
77	21	71.0
77	23	28.0
77	24	66.0
77	25	92.0
77	26	34.0
77	44	11.0
77	69	55.0
77	70	34.0
77	87	14.0
77	88	49.0
77	89	77.0
77	90	60.0
77	91	12.0
77	113	20.0
77	114	11.0
77	149	30.0
77	150	88.0
77	151	93.0
77	159	18.0
77	160	51.0
77	161	35.0
77	189	39.0
77	190	35.0
77	191	12.0
77	192	11.0
77	251	49.0
77	252	50.0
78	20	51.0
78	21	66.0
78	22	91.0
78	23	99.0
78	24	35.0
78	69	20.0
78	70	163.0
78	85	57.0
78	86	94.0
78	87	114.0
78	88	13.0
78	108	39.0
78	109	27.0
78	115	37.0
78	116	16.0
78	128	88.0
78	147	9.0
78	148	94.0
78	149	121.0
78	150	32.0
78	157	22.0
78	158	92.0
78	159	47.0
78	165	13.0
78	230	22.0
78	231	18.0
78	253	17.0
78	254	40.0
78	255	76.0
79	18	51.0
79	19	257.0
79	20	105.0
79	21	46.0
79	70	123.0
79	71	104.0
79	82	46.0
79	83	141.0
79	84	89.0
79	85	132.0
79	86	42.0
79	109	43.0
79	110	65.0
79	111	22.0
79	115	31.0
79	116	20.0
79	128	27.0
79	146	109.0
79	147	94.0
79	148	24.0
79	153	7.0
79	156	38.0
79	157	74.0
79	158	40.0
79	164	42.0
79	165	43.0
79	217	26.0
79	230	47.0
79	231	35.0
79	249	67.0
79	250	54.0
79	251	56.0
79	252	79.0
79	253	47.0
79	254	16.0
80	16	120.0
80	17	111.0
80	18	60.0
80	71	167.0
80	79	41.0
80	80	76.0
80	81	101.0
80	82	37.0
80	84	48.0
80	85	70.0
80	88	68.0
80	89	149.0
80	90	32.0
80	93	14.0
80	111	37.0
80	112	65.0
80	113	32.0
80	144	75.0
80	145	67.0
80	146	16.0
80	154	63.0
80	155	80.0
80	156	18.0
80	159	6.0
80	160	6.0
80	161	24.0
80	217	23.0
80	244	29.0
80	245	55.0
80	246	48.0
80	247	53.0
80	248	33.0
80	249	24.0
81	43	8.0
81	44	39.0
81	76	21.0
81	77	56.0
81	78	115.0
81	79	43.0
81	84	178.0
81	85	3.0
81	88	70.0
81	89	43.0
81	91	14.0
81	92	29.0
81	93	20.0
81	108	29.0
81	113	56.0
81	114	65.0
81	115	9.0
81	132	27.0
81	142	110.0
81	143	105.0
81	144	14.0
81	149	25.0
81	150	95.0
81	152	16.0
81	153	67.0
81	154	54.0
81	159	12.0
81	160	50.0
81	239	32.0
81	240	65.0
81	241	56.0
81	242	74.0
81	243	38.0
81	244	20.0
82	44	41.0
82	73	13.0
82	74	52.0
82	75	71.0
82	76	35.0
82	83	90.0
82	84	7.0
82	91	28.0
82	108	12.0
82	115	59.0
82	116	91.0
82	122	37.0
82	123	15.0
82	141	51.0
82	150	36.0
82	151	131.0
82	152	53.0
82	228	31.0
82	233	12.0
82	234	31.0
82	235	44.0
82	236	51.0
82	237	54.0
82	238	34.0
82	239	33.0
83	52	98.0
83	53	16.0
83	71	51.0
83	72	77.0
83	73	48.0
83	82	45.0
83	83	64.0
83	91	35.0
83	117	73.0
83	118	87.0
83	121	31.0
83	122	174.0
83	123	24.0
83	149	72.0
83	150	133.0
83	151	47.0
83	152	53.0
83	172	18.0
83	173	58.0
83	174	8.0
83	222	28.0
83	229	22.0
83	230	53.0
83	231	53.0
83	232	55.0
83	233	82.0
83	234	32.0
83	242	13.0
84	5	8.0
84	6	82.0
84	7	15.0
84	12	34.0
84	13	32.0
84	52	31.0
84	53	56.0
84	68	71.0
84	69	157.0
84	70	51.0
84	82	66.0
84	89	96.0
84	90	44.0
84	91	16.0
84	112	34.0
84	119	58.0
84	121	142.0
84	122	90.0
84	147	36.0
84	148	60.0
84	149	38.0
84	150	35.0
84	180	87.0
84	181	21.0
84	216	67.0
84	217	40.0
84	224	17.0
84	225	33.0
84	226	126.0
84	227	73.0
84	228	43.0
84	229	26.0
84	230	3.0
84	249	26.0
84	250	29.0
85	5	53.0
85	6	68.0
85	12	38.0
85	13	50.0
85	40	17.0
85	65	66.0
85	66	64.0
85	67	84.0
85	112	92.0
85	113	108.0
85	114	42.0
85	120	79.0
85	121	115.0
85	145	12.0
85	146	103.0
85	147	45.0
85	150	33.0
85	157	101.0
85	158	225.0
85	159	78.0
85	180	7.0
85	216	19.0
85	217	30.0
85	218	10.0
85	219	21.0
85	220	47.0
85	221	90.0
85	222	63.0
85	223	32.0
85	224	28.0
85	249	25.0
85	250	24.0
86	4	12.0
86	5	100.0
86	12	16.0
86	13	70.0
86	40	97.0
86	63	29.0
86	64	71.0
86	119	14.0
86	120	169.0
86	144	54.0
86	145	57.0
86	154	67.0
86	155	285.0
86	156	241.0
86	157	101.0
86	214	32.0
86	215	52.0
86	216	61.0
86	217	61.0
86	218	97.0
86	219	28.0
86	221	15.0
87	4	71.0
87	5	33.0
87	10	45.0
87	11	7.0
87	13	114.0
87	40	116.0
87	92	23.0
87	93	56.0
87	94	29.0
87	119	171.0
87	142	45.0
87	143	60.0
87	144	8.0
87	151	78.0
87	152	296.0
87	153	294.0
87	154	179.0
87	209	26.0
87	210	54.0
87	211	52.0
87	212	80.0
87	213	65.0
87	214	39.0
88	3	28.0
88	4	91.0
88	9	1.0
88	10	14.0
88	11	41.0
88	12	11.0
88	13	88.0
88	40	48.0
88	41	19.0
88	93	33.0
88	94	82.0
88	95	83.0
88	96	40.0
88	119	60.0
88	140	97.0
88	141	104.0
88	142	26.0
88	148	39.0
88	149	227.0
88	150	332.0
88	151	269.0
88	152	50.0
88	204	18.0
88	205	37.0
88	206	56.0
88	207	52.0
88	208	55.0
88	209	50.0
88	210	1.0
88	224	18.0
89	3	128.0
89	4	4.0
89	9	17.0
89	13	86.0
89	40	9.0
89	41	72.0
89	96	55.0
89	97	147.0
89	98	143.0
89	124	38.0
89	138	20.0
89	139	106.0
89	140	62.0
89	145	12.0
89	146	190.0
89	147	299.0
89	148	259.0
89	149	87.0
89	164	26.0
89	199	11.0
89	200	38.0
89	201	48.0
89	202	102.0
89	203	52.0
89	204	29.0
90	2	53.0
90	3	51.0
90	9	21.0
90	41	25.0
90	99	111.0
90	124	91.0
90	125	116.0
90	137	70.0
90	138	72.0
90	142	17.0
90	143	141.0
90	144	229.0
90	145	241.0
90	146	166.0
90	147	8.0
90	195	26.0
90	196	45.0
90	197	78.0
90	198	106.0
90	199	23.0
91	2	114.0
91	9	26.0
91	10	14.0
91	122	16.0
91	123	50.0
91	124	36.0
91	134	28.0
91	135	79.0
91	136	74.0
91	137	15.0
91	139	3.0
91	140	114.0
91	141	273.0
91	142	310.0
91	143	183.0
91	144	33.0
91	147	17.0
91	149	9.0
91	190	48.0
91	191	51.0
91	192	60.0
91	193	43.0
91	194	34.0
91	195	8.0
91	197	56.0
91	198	37.0
91	230	16.0
92	1	81.0
92	2	16.0
92	10	28.0
92	11	18.0
92	55	9.0
92	89	21.0
92	124	20.0
92	125	9.0
92	133	32.0
92	134	116.0
92	135	68.0
92	137	81.0
92	138	217.0
92	139	248.0
92	140	212.0
92	141	61.0
92	165	98.0
92	166	7.0
92	185	30.0
92	186	41.0
92	187	59.0
92	188	55.0
92	189	39.0
92	190	31.0
93	0	35.0
93	1	92.0
93	11	33.0
93	59	8.0
93	60	59.0
93	89	27.0
93	90	45.0
93	95	14.0
93	96	21.0
93	124	14.0
93	125	25.0
93	131	14.0
93	132	68.0
93	133	50.0
93	134	71.0
93	135	230.0
93	136	298.0
93	137	242.0
93	138	88.0
93	143	30.0
93	159	34.0
93	165	35.0
93	166	19.0
93	179	5.0
93	180	43.0
93	181	47.0
93	182	127.0
93	183	97.0
93	184	45.0
93	185	25.0
94	0	95.0
94	30	45.0
94	31	51.0
94	35	22.0
94	58	26.0
94	59	92.0
94	65	15.0
94	66	56.0
94	91	43.0
94	92	17.0
94	95	20.0
94	96	74.0
94	97	105.0
94	124	59.0
94	125	48.0
94	130	83.0
94	131	97.0
94	132	202.0
94	133	319.0
94	134	288.0
94	135	165.0
94	136	25.0
94	143	61.0
94	159	129.0
94	174	10.0
94	175	46.0
94	176	62.0
94	177	50.0
94	178	56.0
94	179	40.0
94	180	68.0
94	181	134.0
94	182	72.0
95	0	26.0
95	29	60.0
95	30	59.0
95	31	9.0
95	35	6.0
95	36	4.0
95	57	17.0
95	58	31.0
95	59	41.0
95	65	30.0
95	66	69.0
95	92	45.0
95	93	58.0
95	98	10.0
95	99	34.0
95	100	29.0
95	101	3.0
95	119	46.0
95	128	128.0
95	129	244.0
95	130	277.0
95	131	258.0
95	132	205.0
95	133	74.0
95	143	68.0
95	158	57.0
95	159	80.0
95	160	21.0
95	170	21.0
95	171	98.0
95	172	72.0
95	173	56.0
95	174	75.0
95	175	111.0
95	176	19.0
96	18	14.0
96	19	24.0
96	20	8.0
96	27	25.0
96	28	83.0
96	29	30.0
96	35	24.0
96	36	25.0
96	65	85.0
96	66	70.0
96	74	34.0
96	76	40.0
96	93	29.0
96	94	131.0
96	95	36.0
96	101	12.0
96	102	45.0
96	103	34.0
96	104	69.0
96	118	43.0
96	119	52.0
96	124	107.0
96	125	26.0
96	126	181.0
96	127	295.0
96	128	306.0
96	129	246.0
96	130	115.0
96	131	3.0
96	142	5.0
96	143	57.0
96	159	32.0
96	160	26.0
96	165	8.0
96	166	27.0
96	167	69.0
96	168	130.0
96	169	58.0
96	170	82.0
96	171	42.0
96	175	141.0
96	203	9.0
96	241	14.0
97	19	34.0
97	20	75.0
97	21	65.0
97	22	39.0
97	26	54.0
97	27	61.0
97	35	54.0
97	36	48.0
97	65	109.0
97	66	39.0
97	75	23.0
97	93	44.0
97	94	117.0
97	95	93.0
97	96	37.0
97	104	23.0
97	122	3.0
97	123	65.0
97	124	234.0
97	125	425.0
97	126	365.0
97	127	186.0
97	128	41.0
97	142	66.0
97	143	86.0
97	150	33.0
97	151	113.0
97	160	21.0
97	161	53.0
97	162	41.0
97	163	43.0
97	164	46.0
97	165	39.0
97	171	28.0
97	173	16.0
97	175	6.0
97	241	14.0
97	246	20.0
97	247	24.0
97	248	11.0
98	22	37.0
98	23	58.0
98	24	95.0
98	25	142.0
98	26	30.0
98	35	16.0
98	36	45.0
98	65	134.0
98	75	41.0
98	76	118.0
98	96	45.0
98	119	6.0
98	120	62.0
98	121	173.0
98	122	290.0
98	123	353.0
98	124	247.0
98	125	97.0
98	126	23.0
98	142	41.0
98	143	47.0
98	151	10.0
98	152	38.0
98	156	19.0
98	157	43.0
98	158	52.0
98	159	43.0
98	160	43.0
98	161	17.0
98	171	8.0
98	172	20.0
98	173	27.0
98	182	16.0
98	204	28.0
98	205	16.0
98	245	16.0
98	246	41.0
98	247	24.0
98	248	30.0
98	249	28.0
98	250	26.0
98	251	32.0
98	252	39.0
98	253	54.0
98	254	103.0
98	255	45.0
99	23	64.0
99	24	91.0
99	25	52.0
99	26	62.0
99	27	69.0
99	28	44.0
99	33	25.0
99	41	44.0
99	42	35.0
99	43	52.0
99	65	107.0
99	76	60.0
99	116	26.0
99	117	87.0
99	118	187.0
99	119	259.0
99	120	358.0
99	121	360.0
99	122	259.0
99	123	40.0
99	142	118.0
99	143	29.0
99	151	9.0
99	152	51.0
99	153	101.0
99	154	100.0
99	155	72.0
99	156	25.0
99	172	29.0
99	204	54.0
99	205	24.0
99	244	7.0
99	245	98.0
99	246	27.0
100	22	97.0
100	23	87.0
100	28	8.0
100	29	63.0
100	30	94.0
100	31	84.0
100	32	7.0
100	40	21.0
100	42	43.0
100	43	92.0
100	65	188.0
100	114	86.0
100	115	177.0
100	116	244.0
100	117	300.0
100	118	264.0
100	119	227.0
100	120	148.0
100	121	14.0
100	141	35.0
100	142	216.0
100	147	57.0
100	148	43.0
100	149	74.0
100	150	57.0
100	151	27.0
100	167	49.0
100	173	54.0
100	204	19.0
100	208	47.0
100	209	32.0
100	222	18.0
100	244	103.0
100	245	59.0
101	20	23.0
101	21	76.0
101	22	12.0
101	32	73.0
101	33	121.0
101	34	72.0
101	40	40.0
101	113	50.0
101	114	237.0
101	115	269.0
101	116	217.0
101	117	120.0
101	118	109.0
101	119	11.0
101	142	131.0
101	143	41.0
101	144	48.0
101	145	53.0
101	146	39.0
101	147	22.0
101	149	26.0
101	150	36.0
101	167	125.0
101	168	16.0
101	204	32.0
101	208	45.0
101	209	161.0
101	210	105.0
101	222	42.0
101	243	35.0
101	244	62.0
102	19	92.0
102	20	83.0
102	39	34.0
102	40	68.0
102	41	49.0
102	42	100.0
102	66	35.0
102	114	55.0
102	115	106.0
102	116	95.0
102	117	73.0
102	118	28.0
102	137	9.0
102	138	35.0
102	139	47.0
102	140	48.0
102	141	55.0
102	142	28.0
102	149	17.0
102	150	124.0
102	151	133.0
102	152	95.0
102	153	54.0
102	154	56.0
102	167	98.0
102	168	36.0
102	205	10.0
102	206	15.0
102	209	12.0
102	210	122.0
102	211	148.0
102	212	54.0
102	222	12.0
102	242	24.0
102	243	84.0
102	244	34.0
103	17	35.0
103	18	141.0
103	19	39.0
103	38	35.0
103	39	84.0
103	40	22.0
103	51	15.0
103	65	10.0
103	66	58.0
103	114	101.0
103	115	44.0
103	117	49.0
103	118	68.0
103	133	39.0
103	134	61.0
103	135	170.0
103	136	90.0
103	137	54.0
103	138	9.0
103	139	7.0
103	140	28.0
103	141	28.0
103	142	29.0
103	143	37.0
103	144	61.0
103	145	52.0
103	146	48.0
103	147	41.0
103	148	35.0
103	149	27.0
103	150	31.0
103	159	16.0
103	160	21.0
103	163	18.0
103	167	51.0
103	168	70.0
103	176	13.0
103	177	20.0
103	178	14.0
103	206	30.0
103	211	31.0
103	212	155.0
103	213	102.0
103	242	89.0
103	244	110.0
103	245	5.0
104	16	24.0
104	17	103.0
104	37	40.0
104	38	89.0
104	39	10.0
104	50	11.0
104	51	93.0
104	52	30.0
104	95	13.0
104	111	23.0
104	112	140.0
104	113	49.0
104	117	10.0
104	118	88.0
104	128	93.0
104	129	141.0
104	130	76.0
104	131	82.0
104	132	50.0
104	133	42.0
104	139	25.0
104	140	34.0
104	141	16.0
104	159	135.0
104	160	104.0
104	168	163.0
104	178	24.0
104	205	116.0
104	206	47.0
104	207	19.0
104	208	30.0
104	209	50.0
104	210	78.0
104	211	19.0
104	213	77.0
104	214	139.0
104	241	80.0
104	242	17.0
104	244	143.0
104	245	24.0
105	27	7.0
105	28	15.0
105	36	25.0
105	37	197.0
105	38	94.0
105	39	28.0
105	51	61.0
105	52	128.0
105	62	16.0
105	96	2.0
105	110	60.0
105	111	87.0
105	112	32.0
105	118	77.0
105	124	50.0
105	125	60.0
105	126	77.0
105	127	51.0
105	128	68.0
105	129	66.0
105	130	51.0
105	158	33.0
105	159	319.0
105	160	104.0
105	168	174.0
105	176	57.0
105	177	25.0
105	206	3.0
105	207	41.0
105	208	25.0
105	210	43.0
105	211	16.0
105	212	6.0
105	240	71.0
105	241	39.0
105	244	111.0
105	245	67.0
106	27	35.0
106	29	30.0
106	35	79.0
106	36	120.0
106	37	51.0
106	38	22.0
106	51	2.0
106	52	235.0
106	53	118.0
106	96	13.0
106	108	190.0
106	109	104.0
106	118	75.0
106	119	64.0
106	120	80.0
106	121	65.0
106	122	82.0
106	123	38.0
106	124	22.0
106	130	136.0
106	158	133.0
106	159	399.0
106	160	20.0
106	207	57.0
106	239	40.0
106	240	65.0
106	244	26.0
106	245	213.0
107	26	37.0
107	28	13.0
107	29	99.0
107	30	32.0
107	33	93.0
107	34	179.0
107	35	87.0
107	52	84.0
107	53	176.0
107	95	5.0
107	96	2.0
107	106	38.0
107	107	71.0
107	108	15.0
107	114	24.0
107	115	62.0
107	116	45.0
107	117	119.0
107	118	189.0
107	119	68.0
107	146	7.0
107	158	305.0
107	159	256.0
107	239	128.0
107	245	64.0
108	24	19.0
108	25	8.0
108	31	192.0
108	32	108.0
108	33	81.0
108	34	61.0
108	44	20.0
108	45	33.0
108	53	57.0
108	54	124.0
108	96	28.0
108	104	38.0
108	105	72.0
108	106	37.0
108	110	34.0
108	111	57.0
108	112	50.0
108	113	57.0
108	114	37.0
108	115	54.0
108	118	100.0
108	119	193.0
108	145	69.0
108	146	68.0
108	157	19.0
108	158	500.0
108	159	55.0
108	166	10.0
108	212	14.0
108	213	24.0
108	238	121.0
109	23	28.0
109	29	62.0
109	30	73.0
109	31	33.0
109	32	75.0
109	33	69.0
109	41	15.0
109	42	28.0
109	54	148.0
109	55	46.0
109	57	28.0
109	97	7.0
109	99	49.0
109	100	47.0
109	101	16.0
109	103	93.0
109	104	85.0
109	105	22.0
109	106	43.0
109	107	88.0
109	108	65.0
109	109	47.0
109	119	94.0
109	145	41.0
109	157	155.0
109	158	454.0
109	214	20.0
109	215	40.0
109	237	110.0
109	238	26.0
110	27	118.0
110	28	118.0
110	31	69.0
110	32	42.0
110	41	31.0
110	55	176.0
110	56	19.0
110	57	39.0
110	99	65.0
110	100	41.0
110	101	134.0
110	102	122.0
110	103	62.0
110	104	46.0
110	105	16.0
110	157	462.0
110	158	156.0
110	214	19.0
110	216	14.0
110	217	31.0
110	218	13.0
110	236	10.0
110	237	39.0
111	1	5.0
111	30	62.0
111	31	33.0
111	37	37.0
111	39	16.0
111	40	24.0
111	55	100.0
111	56	124.0
111	96	102.0
111	97	67.0
111	98	54.0
111	99	125.0
111	100	105.0
111	157	691.0
111	164	38.0
111	165	138.0
111	214	28.0
111	219	17.0
111	220	20.0
112	1	42.0
112	2	14.0
112	30	16.0
112	38	18.0
112	55	21.0
112	56	62.0
112	75	7.0
112	91	23.0
112	92	56.0
112	93	122.0
112	94	68.0
112	95	47.0
112	96	24.0
112	97	44.0
112	98	84.0
112	99	38.0
112	165	20.0
112	176	9.0
112	177	14.0
112	178	10.0
112	214	21.0
113	0	30.0
113	1	68.0
113	2	30.0
113	86	31.0
113	87	57.0
113	88	73.0
113	89	118.0
113	90	57.0
113	91	18.0
113	95	16.0
113	96	75.0
113	97	25.0
113	122	30.0
113	123	60.0
113	124	17.0
113	140	102.0
113	141	57.0
113	176	36.0
113	177	39.0
113	178	34.0
113	213	10.0
113	214	16.0
114	0	161.0
114	1	67.0
114	2	68.0
114	30	74.0
114	31	22.0
114	79	11.0
114	80	128.0
114	81	235.0
114	82	208.0
114	83	94.0
114	84	42.0
114	85	55.0
114	86	60.0
114	87	12.0
114	94	53.0
114	95	83.0
114	122	50.0
114	123	185.0
114	124	190.0
114	125	59.0
114	141	42.0
114	146	19.0
114	176	66.0
114	177	16.0
114	197	24.0
114	212	43.0
114	213	34.0
114	254	17.0
115	0	6.0
115	1	36.0
115	2	45.0
115	77	31.0
115	78	283.0
115	79	139.0
115	80	169.0
115	81	387.0
115	82	530.0
115	83	606.0
115	84	590.0
115	85	399.0
115	86	75.0
115	93	12.0
115	123	42.0
115	124	156.0
115	125	292.0
115	126	198.0
115	127	42.0
115	140	32.0
115	141	48.0
115	146	13.0
115	150	5.0
115	167	33.0
115	179	28.0
115	180	21.0
115	181	11.0
115	182	7.0
115	197	38.0
115	204	32.0
115	212	90.0
115	252	12.0
116	1	29.0
116	2	44.0
116	72	28.0
116	73	62.0
116	74	79.0
116	75	67.0
116	76	43.0
116	77	29.0
116	78	20.0
116	82	27.0
116	83	76.0
116	84	151.0
116	85	403.0
116	86	675.0
116	125	38.0
116	126	219.0
116	127	327.0
116	128	134.0
116	129	2.0
116	167	98.0
116	168	27.0
116	178	23.0
116	179	22.0
116	197	50.0
116	204	74.0
117	1	23.0
117	2	67.0
117	3	28.0
117	68	30.0
117	69	52.0
117	70	54.0
117	71	56.0
117	72	56.0
117	88	70.0
117	89	45.0
117	127	72.0
117	128	238.0
117	129	316.0
117	130	69.0
117	167	41.0
117	168	110.0
117	196	47.0
117	197	14.0
117	204	78.0
117	218	26.0
117	229	53.0
117	237	23.0
118	1	26.0
118	2	122.0
118	39	6.0
118	63	15.0
118	64	54.0
118	65	74.0
118	66	63.0
118	67	48.0
118	68	10.0
118	88	15.0
118	109	12.0
118	129	85.0
118	130	300.0
118	131	202.0
118	132	8.0
118	168	108.0
118	196	40.0
118	203	12.0
118	204	70.0
118	219	34.0
118	220	37.0
118	237	12.0
119	2	117.0
119	59	65.0
119	60	109.0
119	61	66.0
119	62	44.0
119	63	32.0
119	108	45.0
119	109	58.0
119	131	109.0
119	132	351.0
119	133	174.0
119	168	36.0
119	169	32.0
119	203	45.0
119	204	33.0
120	2	61.0
120	54	28.0
120	55	44.0
120	56	79.0
120	57	83.0
120	58	43.0
120	76	12.0
120	77	100.0
120	78	15.0
120	108	15.0
120	109	16.0
120	133	182.0
120	134	334.0
120	135	77.0
120	203	74.0
121	2	34.0
121	49	18.0
121	50	75.0
121	51	64.0
121	52	74.0
121	53	100.0
121	54	21.0
121	59	41.0
121	60	59.0
121	61	27.0
121	62	26.0
121	63	46.0
121	65	27.0
121	66	10.0
121	76	23.0
121	77	202.0
121	78	11.0
121	116	6.0
121	135	127.0
121	185	14.0
121	203	66.0
122	45	22.0
122	46	94.0
122	47	54.0
122	48	65.0
122	49	75.0
122	63	12.0
122	64	18.0
122	65	62.0
122	66	39.0
122	67	45.0
122	68	38.0
122	69	40.0
122	70	40.0
122	71	34.0
122	72	37.0
122	73	34.0
122	74	31.0
122	75	23.0
122	76	38.0
122	77	271.0
122	78	10.0
122	79	12.0
122	116	89.0
122	117	30.0
122	129	17.0
122	185	31.0
122	186	89.0
122	187	95.0
122	188	105.0
122	202	43.0
123	3	25.0
123	9	94.0
123	10	27.0
123	41	53.0
123	42	75.0
123	43	121.0
123	44	62.0
123	45	19.0
123	55	33.0
123	76	26.0
123	77	248.0
123	78	24.0
123	79	36.0
123	80	33.0
123	81	21.0
123	82	21.0
123	83	21.0
123	84	26.0
123	85	39.0
123	86	32.0
123	87	17.0
123	106	6.0
123	116	60.0
123	117	177.0
123	129	11.0
123	160	36.0
123	162	5.0
123	163	20.0
123	178	37.0
123	179	82.0
123	186	28.0
123	187	149.0
123	202	32.0
123	206	55.0
123	249	27.0
123	250	41.0
124	3	27.0
124	4	26.0
124	5	22.0
124	6	54.0
124	7	5.0
124	8	7.0
124	9	61.0
124	36	32.0
124	37	46.0
124	38	93.0
124	39	72.0
124	40	46.0
124	55	51.0
124	56	31.0
124	76	40.0
124	77	245.0
124	117	164.0
124	118	100.0
124	129	51.0
124	178	13.0
124	179	45.0
124	181	16.0
124	183	5.0
124	187	11.0
124	188	139.0
124	206	55.0
124	207	11.0
124	249	164.0
124	250	29.0
124	251	5.0
125	4	5.0
125	5	45.0
125	6	34.0
125	32	93.0
125	33	59.0
125	34	58.0
125	35	74.0
125	36	11.0
125	47	85.0
125	55	19.0
125	56	68.0
125	76	65.0
125	77	237.0
125	118	197.0
125	119	17.0
125	129	26.0
125	179	24.0
125	180	26.0
125	181	54.0
125	182	5.0
125	206	33.0
125	207	17.0
125	249	9.0
126	0	11.0
126	27	75.0
126	28	81.0
126	29	101.0
126	30	85.0
126	31	66.0
126	47	108.0
126	56	75.0
126	76	69.0
126	77	176.0
126	113	36.0
126	114	27.0
126	118	28.0
126	119	227.0
126	129	26.0
126	208	58.0
126	209	83.0
127	23	138.0
127	24	112.0
127	25	75.0
127	26	59.0
127	27	80.0
127	47	57.0
127	56	43.0
127	57	31.0
127	114	110.0
127	115	41.0
127	129	31.0
127	130	30.0
127	187	31.0
127	194	13.0
127	208	119.0
127	232	19.0
128	18	33.0
128	19	67.0
128	20	51.0
128	21	72.0
128	22	55.0
128	47	25.0
128	57	53.0
128	80	19.0
128	114	19.0
128	115	103.0
128	127	8.0
128	128	47.0
128	129	10.0
128	130	72.0
128	131	21.0
128	233	35.0
128	234	24.0
129	13	10.0
129	14	138.0
129	15	102.0
129	16	58.0
129	17	75.0
129	18	41.0
129	45	4.0
129	46	43.0
129	48	40.0
129	57	67.0
129	79	9.0
129	80	81.0
129	81	33.0
129	116	136.0
129	117	35.0
129	123	14.0
129	128	16.0
129	129	24.0
129	130	18.0
129	139	18.0
129	224	45.0
129	225	38.0
129	234	19.0
130	5	11.0
130	9	39.0
130	10	78.0
130	11	82.0
130	12	69.0
130	13	46.0
130	46	13.0
130	47	44.0
130	48	146.0
130	57	25.0
130	58	33.0
130	115	35.0
130	116	55.0
130	117	151.0
130	128	15.0
130	129	44.0
130	139	68.0
130	224	126.0
130	225	48.0
130	235	12.0
131	5	153.0
131	6	105.0
131	7	56.0
131	8	55.0
131	9	12.0
131	58	80.0
131	115	38.0
131	116	27.0
131	129	30.0
131	130	58.0
131	139	68.0
131	187	18.0
131	224	81.0
131	235	2.0
131	249	38.0
131	254	72.0
131	255	148.0
132	0	26.0
132	1	48.0
132	2	33.0
132	3	49.0
132	4	46.0
132	58	74.0
132	66	14.0
132	76	29.0
132	115	32.0
132	116	24.0
132	138	26.0
132	139	84.0
132	224	15.0
132	233	97.0
132	235	17.0
132	236	12.0
132	248	59.0
132	249	38.0
132	251	41.0
132	253	52.0
132	254	275.0
132	255	219.0
133	76	38.0
133	116	14.0
133	138	102.0
133	139	40.0
133	201	16.0
133	202	5.0
133	223	26.0
133	233	35.0
133	234	55.0
133	236	103.0
133	248	28.0
133	252	63.0
133	253	297.0
133	254	233.0
133	255	49.0
134	61	26.0
134	77	25.0
134	111	26.0
134	138	102.0
134	186	10.0
134	201	31.0
134	223	66.0
134	236	5.0
134	251	37.0
134	252	288.0
134	253	258.0
134	254	40.0
135	6	81.0
135	7	41.0
135	8	77.0
135	9	4.0
135	60	26.0
135	61	41.0
135	112	14.0
135	113	22.0
135	114	7.0
135	138	52.0
135	159	12.0
135	200	30.0
135	211	17.0
135	212	26.0
135	250	34.0
135	251	270.0
135	252	278.0
135	253	26.0
135	255	3.0
136	7	55.0
136	8	35.0
136	61	6.0
136	115	19.0
136	116	45.0
136	117	11.0
136	199	14.0
136	200	26.0
136	210	47.0
136	211	51.0
136	212	36.0
136	249	42.0
136	250	303.0
136	251	249.0
136	252	13.0
137	117	58.0
137	199	31.0
137	210	28.0
137	211	17.0
137	229	52.0
137	230	46.0
137	234	30.0
137	248	41.0
137	249	359.0
137	250	207.0
137	251	5.0
138	116	24.0
138	117	23.0
138	131	18.0
138	152	84.0
138	153	123.0
138	177	5.0
138	198	31.0
138	229	67.0
138	230	67.0
138	231	14.0
138	232	8.0
138	247	29.0
138	248	300.0
138	249	226.0
138	250	2.0
139	116	42.0
139	129	59.0
139	130	107.0
139	131	17.0
139	132	24.0
139	147	41.0
139	148	16.0
139	153	4.0
139	178	21.0
139	179	36.0
139	198	33.0
139	202	25.0
139	203	85.0
139	204	90.0
139	205	12.0
139	232	16.0
139	233	36.0
139	234	9.0
139	246	35.0
139	247	349.0
139	248	178.0
140	115	95.0
140	116	29.0
140	129	43.0
140	130	118.0
140	132	17.0
140	148	45.0
140	178	9.0
140	179	45.0
140	180	74.0
140	181	20.0
140	194	2.0
140	195	72.0
140	197	31.0
140	204	8.0
140	234	11.0
140	236	13.0
140	245	31.0
140	246	416.0
140	247	178.0
141	115	21.0
141	129	26.0
141	130	217.0
141	132	36.0
141	149	81.0
141	157	18.0
141	180	38.0
141	181	28.0
141	195	56.0
141	196	54.0
141	237	13.0
141	244	37.0
141	245	397.0
141	246	152.0
142	21	16.0
142	91	49.0
142	92	33.0
142	130	19.0
142	149	8.0
142	150	57.0
142	179	26.0
142	180	60.0
142	196	137.0
142	243	42.0
142	244	391.0
142	245	94.0
143	20	131.0
143	21	40.0
143	28	109.0
143	29	31.0
143	30	41.0
143	37	18.0
143	91	108.0
143	92	45.0
143	150	13.0
143	151	53.0
143	163	10.0
143	178	10.0
143	179	128.0
143	180	88.0
143	196	50.0
143	197	29.0
143	198	7.0
143	242	45.0
143	243	486.0
143	244	69.0
144	20	33.0
144	29	64.0
144	35	13.0
144	36	79.0
144	37	48.0
144	91	139.0
144	151	13.0
144	152	64.0
144	166	31.0
144	167	41.0
144	178	141.0
144	179	140.0
144	180	12.0
144	184	50.0
144	185	15.0
144	235	32.0
144	236	61.0
144	241	64.0
144	242	486.0
144	243	32.0
145	34	40.0
145	35	122.0
145	36	33.0
145	51	34.0
145	52	31.0
145	90	5.0
145	91	137.0
145	104	30.0
145	105	147.0
145	152	21.0
145	153	58.0
145	165	11.0
145	177	95.0
145	178	205.0
145	179	20.0
145	182	17.0
145	183	25.0
145	184	45.0
145	185	6.0
145	240	73.0
145	241	484.0
146	33	108.0
146	34	46.0
146	51	11.0
146	52	17.0
146	90	45.0
146	91	112.0
146	105	95.0
146	106	77.0
146	153	31.0
146	154	46.0
146	164	52.0
146	165	41.0
146	176	77.0
146	177	220.0
146	178	33.0
146	182	145.0
146	183	45.0
146	190	23.0
146	191	30.0
146	215	66.0
146	239	20.0
146	240	74.0
146	250	21.0
147	31	86.0
147	32	114.0
147	90	121.0
147	91	61.0
147	92	11.0
147	106	96.0
147	107	85.0
147	154	73.0
147	155	46.0
147	163	29.0
147	164	56.0
147	175	30.0
147	176	283.0
147	177	70.0
147	183	38.0
147	191	13.0
147	217	2.0
147	240	25.0
147	250	49.0
148	29	31.0
148	30	125.0
148	31	41.0
148	90	180.0
148	107	274.0
148	108	54.0
148	155	43.0
148	156	26.0
148	162	24.0
148	163	38.0
148	175	258.0
148	176	100.0
148	183	30.0
148	217	9.0
148	239	84.0
148	240	64.0
148	250	21.0
148	251	35.0
149	90	140.0
149	107	4.0
149	108	207.0
149	125	12.0
149	156	32.0
149	161	23.0
149	162	55.0
149	174	179.0
149	175	130.0
149	183	28.0
149	184	7.0
149	238	98.0
149	239	70.0
149	251	29.0
149	252	8.0
150	89	19.0
150	90	207.0
150	109	113.0
150	131	84.0
150	132	45.0
150	160	67.0
150	161	70.0
150	173	155.0
150	174	229.0
150	184	31.0
150	237	95.0
150	238	26.0
150	247	28.0
150	251	7.0
150	252	32.0
151	112	22.0
151	131	38.0
151	132	32.0
151	146	55.0
151	147	40.0
151	159	17.0
151	160	116.0
151	172	82.0
151	173	235.0
151	184	40.0
151	236	103.0
151	237	25.0
151	252	34.0
152	146	123.0
152	147	143.0
152	158	87.0
152	159	123.0
152	171	20.0
152	172	324.0
152	174	18.0
152	184	43.0
152	235	46.0
152	252	134.0
152	253	52.0
152	254	11.0
152	255	8.0
153	5	19.0
153	6	76.0
153	7	75.0
153	22	15.0
153	23	38.0
153	94	6.0
153	146	123.0
153	147	214.0
153	157	85.0
153	158	73.0
153	171	317.0
153	172	2.0
153	173	50.0
153	174	23.0
153	184	55.0
153	213	18.0
153	252	108.0
153	253	72.0
153	254	6.0
154	22	13.0
154	23	104.0
154	24	93.0
154	74	30.0
154	94	28.0
154	105	17.0
154	106	38.0
154	115	69.0
154	116	60.0
154	125	29.0
154	126	17.0
154	146	96.0
154	147	340.0
154	157	221.0
154	158	35.0
154	159	54.0
154	171	27.0
154	173	37.0
154	184	7.0
154	185	14.0
154	204	23.0
154	239	31.0
154	240	6.0
154	253	36.0
155	0	61.0
155	1	79.0
155	2	79.0
155	3	160.0
155	4	169.0
155	5	198.0
155	6	282.0
155	7	132.0
155	8	81.0
155	9	73.0
155	10	107.0
155	11	80.0
155	12	72.0
155	13	152.0
155	23	16.0
155	24	155.0
155	25	137.0
155	26	74.0
155	27	35.0
155	93	15.0
155	94	4.0
155	106	53.0
155	107	22.0
155	115	15.0
155	124	45.0
155	125	82.0
155	146	44.0
155	147	397.0
155	148	2.0
155	172	29.0
155	185	39.0
155	202	13.0
155	203	21.0
155	226	19.0
155	230	16.0
155	244	18.0
155	245	28.0
155	253	32.0
156	15	7.0
156	25	105.0
156	26	233.0
156	27	20.0
156	93	31.0
156	123	37.0
156	124	160.0
156	125	86.0
156	146	8.0
156	147	464.0
156	148	9.0
156	171	58.0
156	172	7.0
156	201	35.0
156	202	11.0
156	229	9.0
156	230	40.0
156	244	65.0
156	245	28.0
157	14	139.0
157	15	330.0
157	16	156.0
157	17	2.0
157	26	156.0
157	27	196.0
157	28	1.0
157	42	20.0
157	43	51.0
157	93	18.0
157	122	3.0
157	123	213.0
157	124	63.0
157	125	49.0
157	147	410.0
157	148	15.0
157	171	33.0
157	199	17.0
157	200	27.0
157	216	12.0
157	217	6.0
157	225	84.0
157	226	38.0
157	230	29.0
157	243	16.0
157	244	81.0
158	14	161.0
158	15	610.0
158	16	703.0
158	17	304.0
158	18	7.0
158	25	31.0
158	26	31.0
158	27	59.0
158	28	215.0
158	29	77.0
158	30	118.0
158	41	12.0
158	42	78.0
158	43	15.0
158	92	24.0
158	122	260.0
158	123	136.0
158	147	393.0
158	148	52.0
158	150	11.0
158	151	58.0
158	198	51.0
158	199	3.0
158	217	17.0
158	218	36.0
158	242	15.0
159	10	34.0
159	15	119.0
159	16	480.0
159	17	780.0
159	18	534.0
159	19	34.0
159	25	69.0
159	28	45.0
159	29	254.0
159	30	47.0
159	32	42.0
159	33	20.0
159	40	9.0
159	41	21.0
159	92	62.0
159	121	113.0
159	122	201.0
159	147	262.0
159	148	27.0
159	150	61.0
159	151	49.0
159	197	11.0
159	218	18.0
159	219	30.0
159	220	16.0
159	253	6.0
160	10	144.0
160	16	3.0
160	17	151.0
160	18	654.0
160	19	770.0
160	20	68.0
160	25	50.0
160	30	240.0
160	39	15.0
160	40	18.0
160	91	43.0
160	121	243.0
160	125	17.0
160	126	63.0
160	127	37.0
160	150	19.0
160	151	14.0
160	220	19.0
160	221	32.0
160	224	57.0
160	225	7.0
161	1	12.0
161	9	67.0
161	10	61.0
161	18	5.0
161	19	88.0
161	20	233.0
161	25	38.0
161	39	29.0
161	126	12.0
161	147	20.0
161	185	15.0
161	222	26.0
161	223	51.0
161	224	41.0
162	24	68.0
162	38	15.0
162	39	22.0
162	129	45.0
162	130	19.0
162	146	50.0
162	147	8.0
162	167	66.0
162	168	10.0
162	223	61.0
162	224	31.0
163	24	89.0
163	39	11.0
163	62	27.0
163	63	21.0
163	64	25.0
163	127	28.0
163	128	46.0
163	129	46.0
163	130	55.0
163	131	26.0
163	132	16.0
163	145	61.0
163	146	14.0
163	181	23.0
163	182	82.0
163	220	9.0
163	225	46.0
163	226	8.0
164	24	9.0
164	33	10.0
164	34	28.0
164	62	38.0
164	64	8.0
164	101	8.0
164	127	30.0
164	128	47.0
164	129	30.0
164	132	27.0
164	133	75.0
164	134	26.0
164	138	29.0
164	139	24.0
164	140	26.0
164	141	18.0
164	144	20.0
164	145	36.0
164	191	34.0
164	192	81.0
164	193	15.0
164	194	21.0
164	195	101.0
164	196	14.0
164	201	15.0
164	202	44.0
164	203	25.0
164	219	13.0
164	220	159.0
164	221	22.0
164	222	19.0
164	223	38.0
164	224	20.0
164	226	26.0
164	227	30.0
165	34	46.0
165	62	79.0
165	63	87.0
165	65	14.0
165	110	52.0
165	128	50.0
165	129	22.0
165	135	50.0
165	136	44.0
165	138	43.0
165	140	114.0
165	141	21.0
165	143	6.0
165	144	41.0
165	191	16.0
165	192	41.0
165	193	26.0
165	201	12.0
165	202	18.0
165	211	21.0
165	215	6.0
165	216	53.0
165	217	18.0
165	220	209.0
165	221	70.0
165	222	40.0
165	224	25.0
165	228	25.0
165	248	15.0
165	249	14.0
166	34	23.0
166	35	31.0
166	63	73.0
166	65	31.0
166	66	22.0
166	86	25.0
166	109	35.0
166	110	79.0
166	111	36.0
166	112	25.0
166	137	18.0
166	138	30.0
166	139	134.0
166	140	83.0
166	143	53.0
166	211	9.0
166	216	23.0
166	217	133.0
166	218	59.0
166	220	167.0
166	221	217.0
166	222	97.0
166	224	15.0
166	250	42.0
166	251	51.0
166	255	5.0
167	35	53.0
167	38	14.0
167	39	83.0
167	40	41.0
167	67	18.0
167	86	74.0
167	87	8.0
167	107	5.0
167	108	47.0
167	109	106.0
167	110	71.0
167	111	30.0
167	139	160.0
167	140	54.0
167	217	18.0
167	218	112.0
167	219	60.0
167	220	44.0
167	221	310.0
167	224	26.0
167	225	11.0
167	251	84.0
167	252	48.0
168	30	25.0
168	35	53.0
168	36	43.0
168	39	78.0
168	40	25.0
168	41	84.0
168	68	31.0
168	69	15.0
168	70	11.0
168	71	24.0
168	72	14.0
168	86	40.0
168	87	53.0
168	105	8.0
168	106	33.0
168	107	54.0
168	108	52.0
168	109	38.0
168	138	66.0
168	139	57.0
168	140	21.0
168	219	68.0
168	220	95.0
168	221	333.0
169	4	18.0
169	5	29.0
169	30	31.0
169	31	14.0
169	36	105.0
169	41	67.0
169	42	61.0
169	43	89.0
169	47	20.0
169	73	11.0
169	74	4.0
169	78	18.0
169	87	90.0
169	103	26.0
169	104	39.0
169	105	44.0
169	106	28.0
169	127	22.0
169	128	35.0
169	138	126.0
169	140	12.0
169	174	28.0
169	175	55.0
169	220	23.0
169	221	392.0
169	222	16.0
170	4	37.0
170	5	13.0
170	36	32.0
170	37	9.0
170	43	36.0
170	44	38.0
170	45	23.0
170	46	39.0
170	78	76.0
170	79	56.0
170	87	88.0
170	88	89.0
170	100	13.0
170	101	35.0
170	102	49.0
170	103	36.0
170	104	15.0
170	127	7.0
170	128	44.0
170	137	85.0
170	138	44.0
170	139	16.0
170	173	23.0
170	174	240.0
170	175	210.0
170	176	12.0
170	222	96.0
171	4	51.0
171	37	59.0
171	49	60.0
171	78	19.0
171	79	104.0
171	88	227.0
171	89	34.0
171	98	22.0
171	99	53.0
171	100	79.0
171	101	31.0
171	137	138.0
171	149	4.0
171	173	219.0
171	174	371.0
171	175	100.0
172	0	24.0
172	1	21.0
172	2	17.0
172	3	29.0
172	4	80.0
172	37	47.0
172	46	92.0
172	47	379.0
172	48	412.0
172	49	90.0
172	50	49.0
172	79	63.0
172	80	84.0
172	88	77.0
172	95	6.0
172	96	31.0
172	97	47.0
172	98	34.0
172	99	24.0
172	100	12.0
172	136	161.0
172	137	22.0
172	149	110.0
172	150	21.0
172	172	128.0
172	173	375.0
172	174	137.0
173	4	113.0
173	38	44.0
173	43	45.0
173	44	284.0
173	45	391.0
173	46	390.0
173	47	41.0
173	49	49.0
173	50	27.0
173	80	128.0
173	81	22.0
173	83	12.0
173	89	46.0
173	93	25.0
173	94	49.0
173	95	51.0
173	96	36.0
173	139	20.0
173	148	32.0
173	149	22.0
173	171	62.0
173	172	410.0
173	173	186.0
173	230	27.0
173	231	21.0
174	3	28.0
174	32	37.0
174	33	5.0
174	38	61.0
174	40	17.0
174	41	184.0
174	42	412.0
174	43	428.0
174	44	180.0
174	49	69.0
174	81	101.0
174	90	37.0
174	91	99.0
174	92	99.0
174	93	71.0
174	94	30.0
174	140	15.0
174	141	19.0
174	142	6.0
174	149	76.0
174	166	30.0
174	170	19.0
174	171	352.0
174	172	276.0
174	173	2.0
174	230	42.0
174	231	14.0
175	3	22.0
175	21	22.0
175	22	54.0
175	23	30.0
175	32	27.0
175	33	27.0
175	34	22.0
175	37	2.0
175	38	62.0
175	39	277.0
175	40	474.0
175	41	300.0
175	42	93.0
175	48	29.0
175	49	16.0
175	81	94.0
175	82	87.0
175	87	12.0
175	88	22.0
175	89	52.0
175	90	86.0
175	91	111.0
175	92	39.0
175	142	15.0
175	143	8.0
175	144	6.0
175	166	116.0
175	170	273.0
175	171	364.0
175	172	11.0
175	230	50.0
175	237	67.0
175	238	57.0
175	247	72.0
175	248	26.0
176	2	30.0
176	22	43.0
176	23	106.0
176	33	48.0
176	34	39.0
176	35	53.0
176	36	158.0
176	37	332.0
176	38	414.0
176	39	242.0
176	40	67.0
176	48	58.0
176	74	13.0
176	82	153.0
176	86	22.0
176	87	48.0
176	88	86.0
176	89	51.0
176	90	9.0
176	166	6.0
176	169	118.0
176	170	419.0
176	171	43.0
176	230	60.0
176	237	12.0
176	238	20.0
176	247	43.0
176	248	123.0
177	2	86.0
177	11	16.0
177	12	19.0
177	23	67.0
177	24	51.0
177	32	1.0
177	33	78.0
177	34	265.0
177	35	410.0
177	36	351.0
177	37	207.0
177	38	49.0
177	64	15.0
177	72	35.0
177	83	26.0
177	84	29.0
177	85	61.0
177	86	62.0
177	87	24.0
177	163	12.0
177	164	11.0
177	168	30.0
177	169	460.0
177	170	70.0
177	205	11.0
177	206	57.0
177	207	17.0
177	230	53.0
177	248	91.0
177	249	107.0
178	24	282.0
178	25	4.0
178	31	50.0
178	32	242.0
178	33	434.0
178	34	441.0
178	35	177.0
178	36	17.0
178	39	8.0
178	40	23.0
178	41	24.0
178	62	29.0
178	63	34.0
178	64	21.0
178	72	58.0
178	73	81.0
178	78	13.0
178	81	25.0
178	82	61.0
178	83	61.0
178	84	40.0
178	85	15.0
178	161	13.0
178	163	30.0
178	164	66.0
178	165	49.0
178	166	57.0
178	167	60.0
178	168	456.0
178	169	176.0
178	171	13.0
178	205	54.0
178	206	24.0
178	211	30.0
178	230	55.0
178	249	129.0
178	250	25.0
178	254	7.0
179	0	205.0
179	24	49.0
179	25	87.0
179	28	20.0
179	29	80.0
179	30	241.0
179	31	440.0
179	32	442.0
179	33	220.0
179	34	32.0
179	41	4.0
179	42	26.0
179	60	28.0
179	61	66.0
179	62	44.0
179	73	100.0
179	74	191.0
179	78	59.0
179	79	32.0
179	80	88.0
179	81	88.0
179	82	42.0
179	161	17.0
179	167	235.0
179	168	339.0
179	169	32.0
179	170	54.0
179	171	143.0
179	172	71.0
179	173	71.0
179	230	64.0
179	250	165.0
179	251	12.0
179	252	67.0
179	253	13.0
179	254	94.0
179	255	68.0
180	25	120.0
180	26	37.0
180	27	131.0
180	28	273.0
180	29	395.0
180	30	451.0
180	31	248.0
180	32	61.0
180	33	1.0
180	57	5.0
180	58	20.0
180	59	36.0
180	60	31.0
180	74	145.0
180	75	73.0
180	76	13.0
180	77	43.0
180	78	67.0
180	79	67.0
180	80	19.0
180	106	20.0
180	107	27.0
180	108	28.0
180	109	19.0
180	110	24.0
180	132	13.0
180	151	76.0
180	166	97.0
180	167	391.0
180	230	50.0
180	245	22.0
180	247	23.0
180	248	78.0
180	250	54.0
180	251	239.0
180	252	157.0
180	253	146.0
180	254	25.0
181	12	5.0
181	13	31.0
181	14	16.0
181	25	28.0
181	26	230.0
181	27	373.0
181	28	420.0
181	29	284.0
181	30	111.0
181	31	7.0
181	56	109.0
181	57	95.0
181	58	27.0
181	74	54.0
181	75	169.0
181	76	191.0
181	77	33.0
181	111	6.0
181	112	18.0
181	113	36.0
181	114	49.0
181	115	40.0
181	132	29.0
181	133	3.0
181	151	28.0
181	156	48.0
181	157	54.0
181	160	18.0
181	230	54.0
181	245	28.0
181	246	31.0
181	247	9.0
181	248	74.0
181	249	100.0
181	250	62.0
181	251	146.0
181	253	131.0
182	13	40.0
182	14	164.0
182	15	46.0
182	25	35.0
182	26	236.0
182	27	267.0
182	28	149.0
182	29	24.0
182	54	30.0
182	55	79.0
182	56	46.0
182	57	32.0
182	71	10.0
182	72	58.0
182	73	87.0
182	74	64.0
182	75	34.0
182	76	19.0
182	132	7.0
182	133	5.0
182	157	25.0
182	158	55.0
182	159	21.0
182	160	9.0
182	208	22.0
182	209	18.0
182	210	5.0
182	230	8.0
182	245	19.0
182	246	125.0
182	247	105.0
182	248	33.0
182	249	27.0
182	253	7.0
182	254	137.0
183	15	42.0
183	16	60.0
183	26	30.0
183	27	29.0
183	52	40.0
183	53	40.0
183	54	12.0
183	69	21.0
183	70	98.0
183	71	96.0
183	72	30.0
183	137	53.0
183	138	8.0
183	213	15.0
183	242	30.0
183	243	66.0
183	244	124.0
183	245	39.0
183	246	7.0
183	254	236.0
184	17	69.0
184	18	54.0
184	25	37.0
184	50	66.0
184	51	72.0
184	66	18.0
184	67	55.0
184	68	72.0
184	69	44.0
184	70	52.0
184	118	22.0
184	119	34.0
184	137	49.0
184	138	16.0
184	207	91.0
184	208	7.0
184	239	15.0
184	240	46.0
184	241	60.0
184	242	55.0
184	243	30.0
184	244	8.0
185	18	46.0
185	19	77.0
185	31	36.0
185	47	18.0
185	48	58.0
185	49	53.0
185	63	24.0
185	64	92.0
185	65	57.0
185	66	71.0
185	67	25.0
185	92	23.0
185	93	70.0
185	94	73.0
185	95	11.0
185	118	16.0
185	119	14.0
185	203	61.0
185	204	51.0
185	207	38.0
185	236	23.0
185	237	40.0
185	238	73.0
185	239	45.0
185	240	21.0
186	17	86.0
186	18	129.0
186	19	44.0
186	31	74.0
186	46	60.0
186	47	136.0
186	61	14.0
186	62	60.0
186	63	88.0
186	64	226.0
186	65	15.0
186	93	24.0
186	94	79.0
186	95	129.0
186	96	102.0
186	97	25.0
186	184	11.0
186	185	35.0
186	186	24.0
186	187	12.0
186	188	4.0
186	203	50.0
186	207	5.0
186	212	18.0
186	213	65.0
186	215	16.0
186	216	21.0
186	233	17.0
186	234	39.0
186	235	74.0
186	236	78.0
186	237	46.0
186	238	67.0
186	244	10.0
186	255	1.0
187	15	117.0
187	16	142.0
187	17	30.0
187	27	46.0
187	28	19.0
187	30	19.0
187	31	12.0
187	33	14.0
187	34	27.0
187	44	46.0
187	45	35.0
187	59	38.0
187	60	79.0
187	61	62.0
187	62	26.0
187	63	5.0
187	64	33.0
187	65	32.0
187	77	51.0
187	78	80.0
187	79	26.0
187	96	52.0
187	97	87.0
187	98	119.0
187	99	47.0
187	184	8.0
187	185	34.0
187	186	50.0
187	187	60.0
187	188	89.0
187	189	88.0
187	190	84.0
187	191	93.0
187	192	63.0
187	193	34.0
187	194	19.0
187	212	105.0
187	213	55.0
187	214	51.0
187	215	128.0
187	231	25.0
187	232	49.0
187	233	73.0
187	234	33.0
187	236	28.0
187	237	57.0
187	238	76.0
187	239	33.0
187	255	33.0
188	27	70.0
188	31	16.0
188	32	34.0
188	33	38.0
188	34	62.0
188	43	31.0
188	57	73.0
188	58	91.0
188	59	46.0
188	60	52.0
188	61	32.0
188	63	25.0
188	64	41.0
188	65	25.0
188	79	28.0
188	80	56.0
188	81	48.0
188	82	30.0
188	98	15.0
188	99	78.0
188	100	141.0
188	101	70.0
188	191	17.0
188	192	41.0
188	193	48.0
188	194	72.0
188	195	104.0
188	196	99.0
188	197	77.0
188	198	86.0
188	199	98.0
188	200	77.0
188	201	26.0
188	202	7.0
188	211	30.0
188	212	122.0
188	214	39.0
188	228	28.0
188	229	55.0
188	230	63.0
188	231	28.0
188	236	18.0
188	237	13.0
188	239	10.0
188	251	53.0
188	252	75.0
188	255	84.0
189	16	22.0
189	36	16.0
189	54	34.0
189	55	68.0
189	56	62.0
189	57	37.0
189	58	26.0
189	63	33.0
189	64	37.0
189	65	11.0
189	82	43.0
189	83	47.0
189	84	45.0
189	85	17.0
189	101	39.0
189	102	94.0
189	103	105.0
189	104	5.0
189	190	21.0
189	191	82.0
189	192	82.0
189	193	32.0
189	194	10.0
189	200	7.0
189	201	111.0
189	202	122.0
189	203	72.0
189	204	26.0
189	211	126.0
189	212	7.0
189	218	7.0
189	219	34.0
189	220	41.0
189	225	26.0
189	226	52.0
189	227	83.0
189	228	41.0
189	229	13.0
189	237	17.0
189	239	37.0
189	250	17.0
189	251	461.0
189	252	421.0
189	253	26.0
190	16	103.0
190	17	97.0
190	52	30.0
190	53	51.0
190	54	60.0
190	55	12.0
190	64	44.0
190	85	31.0
190	86	43.0
190	87	71.0
190	104	77.0
190	105	116.0
190	106	61.0
190	109	12.0
190	135	43.0
190	136	8.0
190	191	22.0
190	192	62.0
190	193	154.0
190	194	223.0
190	195	145.0
190	196	148.0
190	210	90.0
190	211	62.0
190	218	9.0
190	219	106.0
190	220	107.0
190	222	17.0
190	223	51.0
190	224	108.0
190	225	60.0
190	226	18.0
190	242	43.0
190	250	31.0
190	251	810.0
190	252	568.0
190	253	21.0
191	16	36.0
191	17	172.0
191	47	8.0
191	48	34.0
191	49	12.0
191	50	62.0
191	51	57.0
191	52	24.0
191	64	68.0
191	88	48.0
191	89	30.0
191	106	25.0
191	110	25.0
191	135	50.0
191	196	6.0
191	210	183.0
191	219	10.0
191	220	49.0
191	221	61.0
191	222	40.0
191	223	18.0
191	250	32.0
191	251	917.0
191	252	244.0
192	1	9.0
192	2	25.0
192	17	108.0
192	18	80.0
192	47	44.0
192	48	159.0
192	49	66.0
192	50	19.0
192	63	23.0
192	64	87.0
192	103	11.0
192	104	14.0
192	105	11.0
192	106	4.0
192	110	17.0
192	130	15.0
192	134	49.0
192	135	20.0
192	185	5.0
192	216	14.0
192	217	59.0
192	218	94.0
192	219	39.0
192	220	22.0
192	250	26.0
192	251	1054.0
192	252	32.0
193	1	10.0
193	2	37.0
193	17	4.0
193	18	166.0
193	44	17.0
193	45	95.0
193	46	102.0
193	47	52.0
193	48	17.0
193	49	85.0
193	59	16.0
193	63	39.0
193	134	106.0
193	158	3.0
193	185	7.0
193	186	46.0
193	187	36.0
193	189	10.0
193	213	11.0
193	214	37.0
193	215	107.0
193	216	54.0
193	217	36.0
193	251	204.0
194	2	51.0
194	3	8.0
194	18	133.0
194	19	130.0
194	42	35.0
194	43	71.0
194	44	98.0
194	45	71.0
194	46	6.0
194	49	26.0
194	50	158.0
194	63	89.0
194	111	22.0
194	134	55.0
194	156	27.0
194	157	18.0
194	158	20.0
194	187	10.0
194	188	143.0
194	189	93.0
194	206	43.0
194	207	33.0
194	208	14.0
194	211	30.0
194	212	67.0
194	213	67.0
194	214	22.0
194	215	9.0
194	246	23.0
194	247	17.0
195	2	35.0
195	19	187.0
195	40	45.0
195	41	79.0
195	42	82.0
195	43	24.0
195	50	50.0
195	51	54.0
195	63	46.0
195	112	16.0
195	113	11.0
195	133	7.0
195	156	103.0
195	157	49.0
195	187	91.0
195	188	36.0
195	189	13.0
195	190	87.0
195	191	44.0
195	197	30.0
195	198	48.0
195	206	32.0
195	207	35.0
195	208	77.0
195	209	114.0
195	210	154.0
195	211	106.0
195	212	73.0
195	213	22.0
195	221	21.0
195	222	25.0
195	255	32.0
196	7	11.0
196	19	68.0
196	20	122.0
196	37	16.0
196	38	58.0
196	39	70.0
196	40	45.0
196	51	13.0
196	62	31.0
196	63	73.0
196	113	7.0
196	114	17.0
196	117	15.0
196	157	36.0
196	185	34.0
196	186	104.0
196	187	12.0
196	192	33.0
196	196	20.0
196	197	31.0
196	198	35.0
196	205	35.0
196	206	69.0
196	207	47.0
196	208	31.0
196	222	41.0
196	223	17.0
197	7	51.0
197	35	25.0
197	36	86.0
197	37	70.0
197	38	30.0
197	53	7.0
197	54	62.0
197	55	9.0
197	62	101.0
197	63	32.0
197	76	23.0
197	81	18.0
197	82	48.0
197	115	11.0
197	116	30.0
197	117	50.0
197	184	55.0
197	185	157.0
197	202	36.0
197	203	85.0
197	204	100.0
197	205	49.0
197	206	7.0
197	223	60.0
197	224	51.0
197	247	11.0
198	33	55.0
198	34	73.0
198	35	48.0
198	53	43.0
198	54	33.0
198	62	116.0
198	78	55.0
198	79	60.0
198	80	63.0
198	81	60.0
198	183	41.0
198	184	100.0
198	199	28.0
198	200	80.0
198	201	95.0
198	202	64.0
198	203	250.0
198	204	594.0
198	205	356.0
198	206	62.0
198	207	1.0
198	223	14.0
198	224	100.0
198	239	37.0
198	246	15.0
199	30	27.0
199	31	82.0
199	32	84.0
199	33	32.0
199	39	11.0
199	61	142.0
199	62	86.0
199	73	8.0
199	74	32.0
199	75	62.0
199	76	58.0
199	77	45.0
199	158	36.0
199	159	47.0
199	183	19.0
199	196	17.0
199	197	53.0
199	198	81.0
199	199	51.0
199	200	25.0
199	203	376.0
199	204	863.0
199	205	862.0
199	206	705.0
199	207	327.0
199	208	36.0
199	216	5.0
199	217	14.0
199	225	75.0
199	240	28.0
200	28	53.0
200	29	79.0
200	30	60.0
200	31	6.0
200	39	33.0
200	61	61.0
200	62	6.0
200	68	14.0
200	69	34.0
200	70	43.0
200	71	55.0
200	72	82.0
200	73	48.0
200	114	5.0
200	159	49.0
200	160	72.0
200	161	17.0
200	193	9.0
200	194	38.0
200	195	50.0
200	196	40.0
200	197	20.0
200	203	4.0
200	204	93.0
200	205	251.0
200	206	459.0
200	207	714.0
200	208	686.0
200	209	281.0
200	210	15.0
200	217	49.0
200	218	13.0
200	225	11.0
200	226	51.0
200	238	34.0
200	239	61.0
201	25	93.0
201	26	165.0
201	27	108.0
201	28	36.0
201	39	38.0
201	60	57.0
201	67	23.0
201	68	67.0
201	69	58.0
201	70	14.0
201	71	10.0
201	72	21.0
201	114	57.0
201	161	102.0
201	162	61.0
201	168	20.0
201	169	45.0
201	170	71.0
201	171	73.0
201	172	45.0
201	173	5.0
201	190	22.0
201	191	56.0
201	192	75.0
201	193	52.0
201	194	25.0
201	205	1.0
201	206	2.0
201	207	26.0
201	208	232.0
201	209	621.0
201	210	706.0
201	211	291.0
201	218	56.0
201	219	10.0
201	238	27.0
201	239	14.0
202	23	36.0
202	24	63.0
202	25	105.0
202	26	77.0
202	39	29.0
202	40	22.0
202	71	20.0
202	72	99.0
202	110	8.0
202	111	33.0
202	112	20.0
202	113	35.0
202	114	62.0
202	122	28.0
202	160	31.0
202	161	47.0
202	162	24.0
202	163	68.0
202	171	20.0
202	172	44.0
202	173	40.0
202	174	54.0
202	175	55.0
202	176	33.0
202	188	31.0
202	189	80.0
202	190	127.0
202	191	71.0
202	210	38.0
202	211	417.0
202	212	499.0
202	219	108.0
202	220	18.0
203	3	9.0
203	20	15.0
203	21	74.0
203	22	84.0
203	23	31.0
203	40	16.0
203	72	57.0
203	80	145.0
203	81	25.0
203	83	30.0
203	84	138.0
203	85	33.0
203	110	41.0
203	111	105.0
203	121	57.0
203	146	17.0
203	147	40.0
203	150	6.0
203	160	124.0
203	161	55.0
203	185	20.0
203	186	56.0
203	187	77.0
203	188	51.0
203	189	18.0
203	220	59.0
204	3	60.0
204	18	46.0
204	19	111.0
204	20	63.0
204	21	17.0
204	40	19.0
204	79	80.0
204	80	120.0
204	81	28.0
204	83	110.0
204	84	420.0
204	85	87.0
204	121	65.0
204	131	37.0
204	132	55.0
204	133	60.0
204	134	59.0
204	135	50.0
204	136	64.0
204	137	70.0
204	138	142.0
204	139	150.0
204	140	104.0
204	141	86.0
204	142	104.0
204	143	103.0
204	144	97.0
204	145	104.0
204	146	206.0
204	147	124.0
204	148	210.0
204	149	153.0
204	150	60.0
204	160	150.0
204	180	92.0
204	182	10.0
204	183	39.0
204	184	50.0
204	185	54.0
204	186	20.0
204	221	140.0
204	222	3.0
205	3	53.0
205	15	10.0
205	16	60.0
205	17	101.0
205	18	74.0
205	40	26.0
205	78	77.0
205	79	115.0
205	80	34.0
205	83	181.0
205	84	591.0
205	85	109.0
205	121	92.0
205	122	35.0
205	131	73.0
205	132	112.0
205	133	73.0
205	134	56.0
205	135	40.0
205	136	26.0
205	137	22.0
205	138	36.0
205	139	26.0
205	148	57.0
205	149	21.0
205	158	7.0
205	159	66.0
205	160	69.0
205	179	32.0
205	180	76.0
205	181	67.0
205	182	53.0
205	183	26.0
205	222	69.0
206	3	61.0
206	13	35.0
206	14	95.0
206	15	86.0
206	16	37.0
206	66	97.0
206	67	53.0
206	77	59.0
206	78	121.0
206	79	32.0
206	83	225.0
206	84	721.0
206	85	95.0
206	131	9.0
206	132	30.0
206	159	158.0
206	177	64.0
206	178	89.0
206	179	60.0
206	180	44.0
206	223	52.0
207	3	79.0
207	11	54.0
207	12	84.0
207	13	73.0
207	14	11.0
207	65	25.0
207	66	130.0
207	67	49.0
207	76	74.0
207	77	117.0
207	78	11.0
207	83	233.0
207	84	961.0
207	85	95.0
207	159	151.0
207	174	7.0
207	175	59.0
207	176	83.0
207	177	72.0
207	178	39.0
207	227	69.0
207	228	25.0
208	3	102.0
208	8	17.0
208	9	64.0
208	10	76.0
208	11	115.0
208	75	87.0
208	76	111.0
208	77	7.0
208	83	204.0
208	84	1142.0
208	85	101.0
208	158	19.0
208	172	38.0
208	173	80.0
208	174	57.0
208	175	29.0
208	225	30.0
208	226	137.0
208	227	76.0
208	228	24.0
208	229	7.0
209	3	21.0
209	6	39.0
209	7	73.0
209	8	69.0
209	9	11.0
209	68	17.0
209	74	83.0
209	75	110.0
209	76	1.0
209	83	278.0
209	84	1838.0
209	85	87.0
209	169	19.0
209	170	70.0
209	171	70.0
209	172	47.0
209	225	7.0
209	226	67.0
210	4	74.0
210	5	73.0
210	6	57.0
210	68	40.0
210	73	134.0
210	74	129.0
210	83	30.0
210	84	460.0
210	85	12.0
210	166	13.0
210	167	41.0
210	168	59.0
210	169	44.0
210	170	18.0
210	209	17.0
210	210	37.0
211	1	16.0
211	2	82.0
211	3	100.0
211	4	48.0
211	68	41.0
211	72	156.0
211	73	135.0
211	116	25.0
211	117	32.0
211	164	34.0
211	165	43.0
211	166	52.0
211	167	22.0
211	210	30.0
212	0	79.0
212	1	69.0
212	2	2.0
212	40	9.0
212	68	43.0
212	71	142.0
212	72	118.0
212	117	46.0
212	161	27.0
212	162	60.0
212	163	48.0
212	164	42.0
213	14	23.0
213	43	52.0
213	44	12.0
213	68	40.0
213	70	125.0
213	71	94.0
213	117	92.0
213	158	13.0
213	159	55.0
213	160	60.0
213	161	50.0
213	162	22.0
214	13	7.0
214	14	124.0
214	43	33.0
214	60	22.0
214	61	26.0
214	68	82.0
214	69	227.0
214	70	105.0
214	74	125.0
214	75	72.0
214	96	8.0
214	103	2.0
214	104	273.0
214	105	190.0
214	106	11.0
214	117	90.0
214	156	49.0
214	157	64.0
214	158	52.0
214	159	28.0
214	201	48.0
214	202	18.0
214	210	13.0
214	211	26.0
215	14	237.0
215	15	22.0
215	42	24.0
215	68	231.0
215	69	95.0
215	70	7.0
215	71	24.0
215	72	30.0
215	73	38.0
215	74	87.0
215	75	70.0
215	76	96.0
215	77	52.0
215	78	61.0
215	79	49.0
215	80	53.0
215	81	38.0
215	82	65.0
215	83	102.0
215	84	53.0
215	85	49.0
215	86	45.0
215	87	32.0
215	88	42.0
215	89	48.0
215	90	50.0
215	91	73.0
215	92	56.0
215	93	43.0
215	94	73.0
215	95	58.0
215	96	41.0
215	97	30.0
215	98	28.0
215	99	34.0
215	100	20.0
215	101	27.0
215	102	45.0
215	103	75.0
215	104	811.0
215	105	1146.0
215	106	527.0
215	107	33.0
215	117	71.0
215	128	14.0
215	129	25.0
215	130	29.0
215	131	18.0
215	132	11.0
215	153	32.0
215	154	83.0
215	155	80.0
215	156	37.0
215	201	36.0
215	211	17.0
215	244	81.0
215	245	44.0
215	246	14.0
216	14	216.0
216	15	29.0
216	41	158.0
216	42	19.0
216	66	21.0
216	67	210.0
216	68	57.0
216	69	35.0
216	88	36.0
216	94	6.0
216	96	3.0
216	98	5.0
216	99	12.0
216	101	23.0
216	102	49.0
216	103	20.0
216	104	248.0
216	105	853.0
216	106	1203.0
216	107	1083.0
216	108	56.0
216	109	36.0
216	110	47.0
216	111	45.0
216	112	41.0
216	113	47.0
216	114	13.0
216	117	61.0
216	118	27.0
216	123	34.0
216	124	33.0
216	125	47.0
216	126	29.0
216	127	27.0
216	128	5.0
216	141	30.0
216	146	58.0
216	150	14.0
216	151	80.0
216	152	202.0
216	153	95.0
216	154	31.0
216	181	21.0
216	201	23.0
216	243	51.0
216	244	25.0
217	14	165.0
217	15	36.0
217	65	23.0
217	66	230.0
217	67	56.0
217	69	49.0
217	104	27.0
217	105	12.0
217	106	22.0
217	107	60.0
217	118	45.0
217	119	31.0
217	120	30.0
217	121	32.0
217	122	28.0
217	123	20.0
217	141	49.0
217	142	53.0
217	143	18.0
217	147	23.0
217	148	57.0
217	149	58.0
217	150	42.0
217	151	16.0
217	155	23.0
217	157	22.0
217	162	26.0
217	201	24.0
218	11	19.0
218	14	153.0
218	15	79.0
218	64	10.0
218	65	209.0
218	66	47.0
218	69	36.0
218	104	17.0
218	105	58.0
218	106	15.0
218	113	24.0
218	114	25.0
218	115	76.0
218	116	111.0
218	117	22.0
218	118	23.0
218	141	9.0
218	142	25.0
218	143	7.0
218	144	12.0
218	145	31.0
218	146	81.0
218	147	91.0
218	148	45.0
218	156	104.0
218	162	59.0
218	173	16.0
218	201	24.0
219	14	56.0
219	15	90.0
219	63	27.0
219	64	236.0
219	65	9.0
219	66	15.0
219	67	6.0
219	69	20.0
219	106	77.0
219	108	31.0
219	109	42.0
219	110	31.0
219	111	23.0
219	112	14.0
219	116	41.0
219	142	37.0
219	143	74.0
219	144	106.0
219	145	60.0
219	146	5.0
219	156	9.0
219	165	33.0
219	166	79.0
219	167	6.0
219	179	21.0
219	180	34.0
219	183	45.0
219	197	42.0
219	198	47.0
219	199	14.0
219	200	9.0
220	15	172.0
220	62	58.0
220	63	329.0
220	64	5.0
220	66	34.0
220	67	40.0
220	107	24.0
220	139	5.0
220	140	41.0
220	141	61.0
220	142	73.0
220	143	41.0
220	164	19.0
220	165	121.0
220	166	60.0
220	179	56.0
220	180	95.0
220	181	44.0
220	182	58.0
220	183	60.0
220	197	54.0
220	198	94.0
220	199	18.0
220	217	7.0
221	61	46.0
221	62	357.0
221	63	18.0
221	137	26.0
221	138	81.0
221	139	98.0
221	140	35.0
221	163	7.0
221	164	188.0
221	165	82.0
221	176	7.0
221	183	56.0
222	56	32.0
222	60	60.0
222	61	238.0
222	134	9.0
222	135	54.0
222	136	70.0
222	137	60.0
222	138	19.0
222	163	170.0
222	164	106.0
222	183	55.0
222	244	22.0
222	245	36.0
222	255	74.0
223	59	91.0
223	60	210.0
223	132	29.0
223	133	58.0
223	134	74.0
223	135	49.0
223	162	135.0
223	163	126.0
223	171	13.0
223	183	81.0
223	243	15.0
223	244	156.0
223	245	43.0
223	254	17.0
223	255	56.0
224	55	122.0
224	56	5.0
224	59	236.0
224	129	19.0
224	130	41.0
224	131	76.0
224	132	74.0
224	133	16.0
224	161	120.0
224	162	173.0
224	170	12.0
224	171	139.0
224	183	64.0
224	243	96.0
224	244	91.0
224	254	102.0
225	14	12.0
225	54	9.0
225	55	304.0
225	56	17.0
225	57	52.0
225	127	55.0
225	128	75.0
225	129	97.0
225	130	39.0
225	160	73.0
225	161	115.0
225	168	22.0
225	171	54.0
225	181	13.0
225	183	83.0
225	186	57.0
225	242	71.0
225	243	261.0
225	253	15.0
225	254	52.0
226	13	33.0
226	14	116.0
226	55	298.0
226	125	85.0
226	126	116.0
226	127	82.0
226	128	23.0
226	159	55.0
226	160	137.0
226	167	45.0
226	168	84.0
226	183	31.0
226	186	8.0
226	187	25.0
226	188	75.0
226	189	94.0
226	240	16.0
226	242	126.0
226	243	113.0
226	244	29.0
226	253	74.0
227	13	13.0
227	14	27.0
227	16	11.0
227	55	280.0
227	65	21.0
227	122	23.0
227	123	77.0
227	124	70.0
227	125	52.0
227	126	13.0
227	145	9.0
227	146	17.0
227	157	15.0
227	158	86.0
227	159	182.0
227	167	90.0
227	168	94.0
227	194	50.0
227	195	102.0
227	196	67.0
227	240	33.0
227	241	86.0
227	242	6.0
227	243	38.0
227	244	9.0
228	0	36.0
228	55	198.0
228	64	7.0
228	65	45.0
228	66	9.0
228	67	7.0
228	114	10.0
228	115	21.0
228	120	39.0
228	121	67.0
228	122	67.0
228	123	25.0
228	145	7.0
228	146	13.0
228	158	233.0
228	167	145.0
228	168	73.0
228	191	17.0
228	192	84.0
228	193	223.0
228	194	352.0
228	195	463.0
228	196	276.0
228	197	30.0
229	0	56.0
229	114	7.0
229	115	56.0
229	116	18.0
229	117	24.0
229	118	63.0
229	119	63.0
229	120	43.0
229	145	7.0
229	167	217.0
229	168	18.0
229	188	14.0
229	189	57.0
229	190	166.0
229	191	337.0
229	192	471.0
229	193	452.0
229	194	468.0
229	195	388.0
229	196	188.0
229	197	21.0
229	230	43.0
229	231	94.0
229	232	155.0
229	233	147.0
229	234	207.0
229	235	101.0
229	236	61.0
230	0	25.0
230	1	25.0
230	51	22.0
230	99	10.0
230	114	90.0
230	115	84.0
230	116	117.0
230	117	71.0
230	118	13.0
230	145	66.0
230	146	23.0
230	167	178.0
230	183	1.0
230	184	14.0
230	185	52.0
230	186	126.0
230	187	234.0
230	188	398.0
230	189	430.0
230	190	442.0
230	191	413.0
230	192	309.0
230	193	196.0
230	194	139.0
230	195	82.0
230	196	17.0
230	223	11.0
230	224	49.0
230	225	128.0
230	226	159.0
230	227	162.0
230	228	164.0
230	229	124.0
230	230	87.0
230	231	22.0
231	1	71.0
231	5	90.0
231	6	125.0
231	50	62.0
231	51	22.0
231	112	18.0
231	113	74.0
231	114	126.0
231	115	80.0
231	121	76.0
231	122	106.0
231	123	21.0
231	145	31.0
231	167	226.0
231	179	2.0
231	180	33.0
231	181	79.0
231	182	146.0
231	183	280.0
231	184	365.0
231	185	410.0
231	186	405.0
231	187	340.0
231	188	310.0
231	189	207.0
231	190	98.0
231	191	44.0
231	192	18.0
231	217	18.0
231	218	50.0
231	219	104.0
231	220	131.0
231	221	114.0
231	222	242.0
231	223	156.0
231	224	90.0
231	225	76.0
231	226	39.0
232	1	93.0
232	2	109.0
232	49	77.0
232	50	13.0
232	109	14.0
232	110	72.0
232	111	98.0
232	112	45.0
232	113	41.0
232	121	62.0
232	122	67.0
232	145	19.0
232	167	110.0
232	175	15.0
232	176	57.0
232	177	126.0
232	178	228.0
232	179	336.0
232	180	375.0
232	181	406.0
232	182	332.0
232	183	309.0
232	184	208.0
232	185	106.0
232	186	53.0
232	187	16.0
232	188	2.0
232	211	23.0
232	212	44.0
232	213	64.0
232	214	89.0
232	215	108.0
232	216	146.0
232	217	134.0
232	218	90.0
232	219	66.0
232	220	51.0
233	2	30.0
233	48	97.0
233	49	13.0
233	107	31.0
233	108	73.0
233	109	102.0
233	110	81.0
233	111	35.0
233	145	24.0
233	170	1.0
233	171	34.0
233	172	103.0
233	173	188.0
233	174	207.0
233	175	301.0
233	176	320.0
233	177	276.0
233	178	263.0
233	179	177.0
233	180	128.0
233	181	56.0
233	182	16.0
233	183	2.0
233	204	6.0
233	208	33.0
233	209	141.0
233	210	212.0
233	211	133.0
233	212	117.0
233	213	60.0
233	214	40.0
233	215	15.0
233	239	14.0
233	240	33.0
234	6	56.0
234	38	27.0
234	47	118.0
234	105	62.0
234	106	91.0
234	107	72.0
234	108	17.0
234	145	17.0
234	167	14.0
234	168	84.0
234	169	148.0
234	170	252.0
234	171	342.0
234	172	348.0
234	173	301.0
234	174	173.0
234	175	98.0
234	176	39.0
234	177	3.0
234	178	1.0
234	197	8.0
234	208	11.0
234	209	61.0
234	210	196.0
234	211	186.0
234	230	42.0
234	240	50.0
235	46	94.0
235	102	21.0
235	103	82.0
235	104	72.0
235	105	40.0
235	145	28.0
235	164	34.0
235	165	117.0
235	166	204.0
235	167	324.0
235	168	336.0
235	169	256.0
235	170	157.0
235	171	93.0
235	172	31.0
235	173	2.0
235	182	14.0
235	197	34.0
235	210	28.0
235	211	265.0
235	212	75.0
235	240	40.0
235	247	20.0
235	248	46.0
236	0	28.0
236	45	26.0
236	100	41.0
236	101	70.0
236	102	48.0
236	103	17.0
236	145	17.0
236	160	1.0
236	161	58.0
236	162	179.0
236	163	274.0
236	164	269.0
236	165	226.0
236	166	157.0
236	167	79.0
236	168	25.0
236	211	57.0
236	212	338.0
236	213	24.0
236	226	21.0
236	240	36.0
236	248	81.0
236	249	82.0
237	0	71.0
237	1	106.0
237	2	68.0
237	60	30.0
237	97	31.0
237	98	77.0
237	99	84.0
237	100	29.0
237	145	27.0
237	158	82.0
237	159	209.0
237	160	300.0
237	161	260.0
237	162	154.0
237	163	65.0
237	164	7.0
237	196	18.0
237	211	17.0
237	212	170.0
237	213	304.0
237	221	21.0
237	225	15.0
237	226	172.0
237	227	52.0
237	240	26.0
237	241	18.0
237	249	58.0
237	250	128.0
238	2	18.0
238	3	78.0
238	4	150.0
238	5	102.0
238	60	26.0
238	89	49.0
238	90	11.0
238	94	8.0
238	95	59.0
238	96	79.0
238	97	70.0
238	98	13.0
238	154	3.0
238	155	69.0
238	156	202.0
238	157	284.0
238	158	305.0
238	159	160.0
238	160	52.0
238	195	43.0
238	196	27.0
238	211	29.0
238	212	89.0
238	213	300.0
238	214	142.0
238	221	30.0
238	222	49.0
238	226	221.0
238	227	176.0
238	240	22.0
238	241	63.0
238	250	40.0
238	251	235.0
238	252	40.0
239	5	25.0
239	6	118.0
239	15	36.0
239	88	27.0
239	89	57.0
239	92	32.0
239	93	223.0
239	94	79.0
239	95	38.0
239	96	5.0
239	152	76.0
239	153	208.0
239	154	349.0
239	155	242.0
239	156	118.0
239	157	26.0
239	195	65.0
239	212	75.0
239	213	107.0
239	214	190.0
239	222	73.0
239	223	34.0
239	226	68.0
239	227	308.0
239	241	75.0
239	251	28.0
239	252	201.0
239	253	21.0
240	5	30.0
240	6	27.0
240	72	71.0
240	73	43.0
240	88	54.0
240	89	57.0
240	90	67.0
240	91	65.0
240	92	44.0
240	93	38.0
240	96	16.0
240	105	26.0
240	140	29.0
240	141	92.0
240	142	44.0
240	149	70.0
240	150	218.0
240	151	288.0
240	152	231.0
240	153	111.0
240	154	14.0
240	181	12.0
240	187	40.0
240	213	76.0
240	214	93.0
240	223	93.0
240	224	6.0
240	227	356.0
240	228	70.0
240	241	40.0
241	5	29.0
241	27	130.0
241	28	28.0
241	71	28.0
241	72	62.0
241	73	9.0
241	84	12.0
241	87	78.0
241	88	78.0
241	89	98.0
241	90	41.0
241	96	23.0
241	128	29.0
241	139	80.0
241	140	185.0
241	141	169.0
241	142	54.0
241	146	63.0
241	147	235.0
241	148	275.0
241	149	298.0
241	150	111.0
241	151	3.0
241	181	85.0
241	182	47.0
241	186	10.0
241	187	127.0
241	214	94.0
241	215	128.0
241	223	23.0
241	224	90.0
241	227	118.0
241	228	265.0
241	240	21.0
241	241	22.0
242	4	31.0
242	9	21.0
242	10	43.0
242	23	4.0
242	26	6.0
242	27	107.0
242	49	11.0
242	70	12.0
242	71	65.0
242	82	50.0
242	83	115.0
242	84	32.0
242	85	44.0
242	86	127.0
242	87	93.0
242	88	18.0
242	95	23.0
242	137	23.0
242	138	193.0
242	139	261.0
242	140	159.0
242	141	42.0
242	143	14.0
242	144	190.0
242	145	292.0
242	146	281.0
242	147	160.0
242	148	4.0
242	149	13.0
242	182	28.0
242	183	15.0
242	184	9.0
242	185	18.0
242	186	37.0
242	206	23.0
242	215	141.0
242	216	91.0
242	224	86.0
242	225	57.0
242	228	424.0
243	3	27.0
243	9	37.0
243	10	30.0
243	23	9.0
243	24	22.0
243	25	23.0
243	26	17.0
243	48	23.0
243	49	181.0
243	50	10.0
243	70	75.0
243	82	196.0
243	83	339.0
243	84	172.0
243	85	38.0
243	86	69.0
243	87	12.0
243	88	17.0
243	135	2.0
243	136	117.0
243	137	256.0
243	138	199.0
243	139	63.0
243	141	118.0
243	142	272.0
243	143	306.0
243	144	177.0
243	145	9.0
243	163	20.0
243	164	139.0
243	165	48.0
243	202	8.0
243	216	133.0
243	217	56.0
243	225	106.0
243	228	80.0
244	2	6.0
244	3	14.0
244	48	323.0
244	49	701.0
244	50	152.0
244	69	84.0
244	80	46.0
244	81	102.0
244	82	387.0
244	83	214.0
244	85	96.0
244	87	35.0
244	134	54.0
244	135	272.0
244	136	280.0
244	137	83.0
244	138	60.0
244	139	283.0
244	140	293.0
244	141	207.0
244	142	30.0
244	146	32.0
244	147	50.0
244	163	131.0
244	164	287.0
244	165	43.0
244	217	154.0
244	218	56.0
244	226	106.0
245	2	43.0
245	48	147.0
245	49	393.0
245	50	36.0
245	68	124.0
245	77	13.0
245	78	60.0
245	79	73.0
245	80	33.0
245	82	396.0
245	83	68.0
245	85	157.0
245	86	13.0
245	87	29.0
245	98	47.0
245	132	19.0
245	133	203.0
245	134	339.0
245	135	144.0
245	136	360.0
245	137	258.0
245	138	231.0
245	139	45.0
245	146	27.0
245	147	63.0
245	162	21.0
245	163	324.0
245	164	151.0
245	188	19.0
245	189	67.0
245	217	9.0
245	218	233.0
245	219	25.0
245	226	39.0
245	227	124.0
246	1	52.0
246	15	39.0
246	16	29.0
246	48	78.0
246	49	6.0
246	75	38.0
246	76	111.0
246	77	91.0
246	78	17.0
246	82	409.0
246	86	30.0
246	87	53.0
246	97	6.0
246	98	98.0
246	99	9.0
246	131	137.0
246	132	348.0
246	133	501.0
246	134	299.0
246	135	239.0
246	136	39.0
246	147	80.0
246	161	10.0
246	162	178.0
246	163	311.0
246	164	15.0
246	165	26.0
246	166	85.0
246	167	6.0
246	189	14.0
246	192	14.0
246	218	10.0
246	219	231.0
246	220	10.0
246	227	20.0
247	0	33.0
247	1	9.0
247	14	35.0
247	15	79.0
247	16	9.0
247	48	62.0
247	65	47.0
247	73	91.0
247	74	69.0
247	75	63.0
247	76	26.0
247	79	42.0
247	82	390.0
247	87	24.0
247	97	36.0
247	98	128.0
247	129	70.0
247	130	399.0
247	131	286.0
247	132	147.0
247	133	47.0
247	147	94.0
247	161	14.0
247	162	347.0
247	163	134.0
247	164	28.0
247	165	31.0
247	166	10.0
247	191	8.0
247	192	76.0
247	193	23.0
247	203	7.0
247	204	27.0
247	219	18.0
247	220	182.0
247	249	22.0
248	0	42.0
248	13	32.0
248	14	118.0
248	15	19.0
248	47	32.0
248	48	6.0
248	64	83.0
248	65	118.0
248	70	32.0
248	71	97.0
248	72	82.0
248	73	52.0
248	97	95.0
248	98	108.0
248	127	9.0
248	128	268.0
248	129	390.0
248	130	93.0
248	147	63.0
248	156	21.0
248	157	79.0
248	161	172.0
248	162	364.0
248	163	2.0
248	192	10.0
248	193	107.0
248	194	25.0
248	203	41.0
248	220	42.0
248	221	168.0
248	249	16.0
249	4	27.0
249	5	79.0
249	6	65.0
249	13	101.0
249	14	44.0
249	47	68.0
249	63	27.0
249	64	209.0
249	65	27.0
249	68	45.0
249	69	82.0
249	70	81.0
249	71	41.0
249	97	139.0
249	98	42.0
249	126	195.0
249	127	388.0
249	128	134.0
249	147	57.0
249	156	130.0
249	157	129.0
249	160	9.0
249	161	433.0
249	162	94.0
249	169	8.0
249	193	20.0
249	194	162.0
249	195	34.0
249	203	75.0
249	221	29.0
249	222	199.0
250	1	9.0
250	2	59.0
250	3	93.0
250	4	96.0
250	5	54.0
250	6	16.0
250	11	32.0
250	12	109.0
250	13	34.0
250	47	26.0
250	63	224.0
250	64	127.0
250	65	3.0
250	66	63.0
250	67	74.0
250	68	80.0
250	69	12.0
250	97	214.0
250	124	48.0
250	125	407.0
250	126	256.0
250	147	16.0
250	155	31.0
250	156	196.0
250	157	45.0
250	160	179.0
250	161	396.0
250	169	72.0
250	170	11.0
250	194	38.0
250	195	176.0
250	196	8.0
250	200	8.0
250	202	9.0
250	203	28.0
250	222	65.0
251	0	119.0
251	1	142.0
251	2	104.0
251	3	11.0
251	11	96.0
251	12	100.0
251	55	6.0
251	56	62.0
251	57	14.0
251	62	40.0
251	63	252.0
251	64	52.0
251	65	82.0
251	66	39.0
251	90	50.0
251	91	125.0
251	92	75.0
251	96	29.0
251	97	194.0
251	123	108.0
251	124	337.0
251	145	45.0
251	146	148.0
251	147	24.0
251	148	2.0
251	149	1.0
251	155	148.0
251	156	145.0
251	160	525.0
251	161	58.0
251	162	15.0
251	168	14.0
251	169	113.0
251	170	43.0
251	196	138.0
251	199	37.0
251	200	103.0
251	201	33.0
251	202	38.0
251	253	21.0
252	10	45.0
252	11	68.0
252	26	12.0
252	38	18.0
252	56	70.0
252	57	63.0
252	58	59.0
252	61	41.0
252	62	345.0
252	63	84.0
252	64	12.0
252	88	11.0
252	89	121.0
252	90	256.0
252	91	187.0
252	92	46.0
252	96	83.0
252	97	95.0
252	101	31.0
252	117	19.0
252	144	1.0
252	145	514.0
252	146	927.0
252	147	652.0
252	148	295.0
252	149	64.0
252	150	3.0
252	151	1.0
252	154	40.0
252	155	211.0
252	156	21.0
252	159	141.0
252	160	476.0
252	168	32.0
252	169	147.0
252	170	8.0
252	197	121.0
252	200	39.0
252	201	124.0
252	202	105.0
252	251	96.0
252	252	93.0
252	253	19.0
253	9	35.0
253	10	111.0
253	26	20.0
253	27	77.0
253	28	58.0
253	58	23.0
253	59	115.0
253	60	189.0
253	61	34.0
253	62	30.0
253	87	65.0
253	88	231.0
253	89	285.0
253	90	120.0
253	91	23.0
253	94	57.0
253	95	45.0
253	96	155.0
253	97	12.0
253	116	11.0
253	117	97.0
253	118	121.0
253	119	57.0
253	120	7.0
253	145	187.0
253	146	627.0
253	147	793.0
253	148	751.0
253	149	598.0
253	150	416.0
253	151	202.0
253	152	90.0
253	153	31.0
253	154	219.0
253	155	103.0
253	159	463.0
253	160	5.0
253	168	106.0
253	169	18.0
253	201	31.0
253	202	105.0
253	203	105.0
253	250	13.0
253	251	142.0
253	252	29.0
254	8	5.0
254	9	241.0
254	28	38.0
254	29	85.0
254	30	64.0
254	56	35.0
254	57	105.0
254	58	86.0
254	59	24.0
254	61	35.0
254	62	45.0
254	85	12.0
254	86	203.0
254	87	312.0
254	88	214.0
254	89	42.0
254	93	60.0
254	94	56.0
254	96	244.0
254	117	17.0
254	118	65.0
254	119	124.0
254	120	196.0
254	121	117.0
254	122	11.0
254	146	8.0
254	147	60.0
254	148	199.0
254	149	371.0
254	150	506.0
254	151	552.0
254	152	513.0
254	153	524.0
254	154	586.0
254	155	235.0
254	156	137.0
254	157	94.0
254	158	34.0
254	166	11.0
254	167	39.0
254	168	86.0
254	200	13.0
254	201	24.0
254	203	41.0
254	204	144.0
254	205	15.0
254	249	20.0
254	250	127.0
255	0	19.0
255	1	8.0
255	3	24.0
255	8	222.0
255	9	1.0
255	30	21.0
255	31	51.0
255	44	18.0
255	53	18.0
255	54	92.0
255	55	86.0
255	56	40.0
255	72	8.0
255	84	84.0
255	85	253.0
255	86	274.0
255	87	82.0
255	93	41.0
255	96	215.0
255	120	35.0
255	121	101.0
255	122	152.0
255	123	108.0
255	124	25.0
255	129	28.0
255	133	43.0
255	148	1.0
255	149	2.0
255	150	34.0
255	151	107.0
255	152	208.0
255	153	484.0
255	154	395.0
255	155	413.0
255	156	415.0
255	157	338.0
255	158	180.0
255	159	24.0
255	165	19.0
255	166	91.0
255	167	161.0
255	168	20.0
255	200	31.0
255	205	203.0
255	206	139.0
255	244	10.0
255	245	31.0
255	248	6.0
255	249	177.0
255	252	22.0
